{
 "cells": [
  {
   "cell_type": "code",
   "execution_count": 1,
   "metadata": {
    "collapsed": false
   },
   "outputs": [],
   "source": [
    "import numpy as np\n",
    "from pycalphad import Model, Database, calculate, equilibrium\n",
    "from pycalphad.core.compiled_model import CompiledModel\n",
    "import pycalphad.variables as v\n",
    "from pycalphad.tests.datasets import ISSUE43_TDB\n",
    "dbf = Database(ISSUE43_TDB)\n",
    "models = {key: CompiledModel(dbf, ['AL', 'NI', 'CR', 'VA'], key, _debug=True) for key in dbf.phases.keys()}"
   ]
  },
  {
   "cell_type": "code",
   "execution_count": 2,
   "metadata": {
    "collapsed": false,
    "scrolled": false
   },
   "outputs": [
    {
     "name": "stdout",
     "output_type": "stream",
     "text": [
      "Calculation Backend: Compiled (autowrap)\n",
      "Components: AL CR NI VA\n",
      "Phases: FCC_A1 GAMMA_PRIME [done]\n",
      "--\n",
      "Hessian mismatch\n",
      "\n",
      "Not equal to tolerance rtol=1e-07, atol=0\n",
      "\n",
      "(mismatch 76.5625%)\n",
      " x: array([[ -0.000000e+00,  -0.000000e+00,   0.000000e+00,   0.000000e+00,\n",
      "          0.000000e+00,   0.000000e+00,   0.000000e+00,   0.000000e+00],\n",
      "       [ -0.000000e+00,  -5.137644e-02,  -8.289674e+01,  -4.568301e+01,...\n",
      " y: array([[  0.000000e+00,   0.000000e+00,   0.000000e+00,   0.000000e+00,\n",
      "          0.000000e+00,   0.000000e+00,   0.000000e+00,   0.000000e+00],\n",
      "       [  0.000000e+00,  -2.817743e-02,  -7.977725e+01,  -5.905774e+01,...\n",
      "[[  0.           0.           0.           0.           0.           0.\n",
      "    0.           0.        ]\n",
      " [  0.           0.02319901   3.11948884 -13.37472691  -8.71969927\n",
      "   -7.03431781 -13.26053468 -17.5185376 ]\n",
      " [  0.           3.11948884  10.25411258  -0.0902733   -2.92731301\n",
      "   -0.61794984  -6.85066577  15.4538729 ]\n",
      " [  0.         -13.37472691  -0.0902733   -2.52434132  -1.14037469\n",
      "   11.76492534 -14.41444774  -1.30540171]\n",
      " [  0.          -8.71969927  -2.92731301  -1.14037469   6.42155551\n",
      "    3.26235456   2.98656568   5.24594718]\n",
      " [  0.          -7.03431781  -0.61794984  11.76492534   3.26235456\n",
      "   -6.57831232   4.9458162   -5.4978071 ]\n",
      " [  0.         -13.26053468  -6.85066577 -14.41444774   2.98656568\n",
      "    4.9458162   -3.68838641   0.45131944]\n",
      " [  0.         -17.5185376   15.4538729   -1.30540171   5.24594718\n",
      "   -5.4978071    0.45131944  -0.63416714]]\n",
      "('DOF:', array([  1.01325000e+05,   1.27300000e+03,   2.23081187e-02,\n",
      "         8.48598476e-01,   1.29093406e-01,   1.21114793e-01,\n",
      "         8.38923982e-01,   3.99612242e-02]))\n",
      "[['AL', 'CR', 'NI'], ['AL', 'CR', 'NI']]\n",
      "--\n",
      "--\n",
      "Hessian mismatch\n",
      "\n",
      "Not equal to tolerance rtol=1e-07, atol=0\n",
      "\n",
      "(mismatch 76.5625%)\n",
      " x: array([[ -0.000000e+00,  -0.000000e+00,   0.000000e+00,   0.000000e+00,\n",
      "          0.000000e+00,   0.000000e+00,   0.000000e+00,   0.000000e+00],\n",
      "       [ -0.000000e+00,  -5.179769e-02,  -8.699846e+01,  -4.617382e+01,...\n",
      " y: array([[  0.000000e+00,   0.000000e+00,   0.000000e+00,   0.000000e+00,\n",
      "          0.000000e+00,   0.000000e+00,   0.000000e+00,   0.000000e+00],\n",
      "       [  0.000000e+00,  -2.811917e-02,  -8.283506e+01,  -5.949062e+01,...\n",
      "[[  0.           0.           0.           0.           0.           0.\n",
      "    0.           0.        ]\n",
      " [  0.           0.02367852   4.16340573 -13.31680383  -8.79694962\n",
      "   -5.88683384 -13.17025923 -17.46330248]\n",
      " [  0.           4.16340573 -11.17095833   5.34810699   9.26805454\n",
      "   13.2268664   -0.27273683   4.88924316]\n",
      " [  0.         -13.31680383   5.34810699   6.42300912   0.67870544\n",
      "   -7.50947263  -5.14570223   0.14097129]\n",
      " [  0.          -8.79694962   9.26805454   0.67870544  -4.28204897\n",
      "  -10.8172811    7.09481246   0.22252868]\n",
      " [  0.          -5.88683384  13.2268664   -7.50947263 -10.8172811\n",
      "  -14.163924    -1.81431314  -0.0235847 ]\n",
      " [  0.         -13.17025923  -0.27273683  -5.14570223   7.09481246\n",
      "   -1.81431314   6.75569354  -1.36767233]\n",
      " [  0.         -17.46330248   4.88924316   0.14097129   0.22252868\n",
      "   -0.0235847   -1.36767233   3.01565341]]\n",
      "('DOF:', array([  1.01325000e+05,   1.27300000e+03,   1.11465739e-02,\n",
      "         7.83269970e-01,   2.05583456e-01,   1.32133000e-01,\n",
      "         8.43916717e-01,   2.39502834e-02]))\n",
      "[['AL', 'CR', 'NI'], ['AL', 'CR', 'NI']]\n",
      "--\n",
      "--\n",
      "Hessian mismatch\n",
      "\n",
      "Not equal to tolerance rtol=1e-07, atol=0\n",
      "\n",
      "(mismatch 53.125%)\n",
      " x: array([[ -0.000000e+00,  -0.000000e+00,   0.000000e+00,   0.000000e+00,\n",
      "          0.000000e+00,   0.000000e+00,   0.000000e+00,   0.000000e+00],\n",
      "       [ -0.000000e+00,  -5.476986e-02,  -8.690206e+01,  -5.472656e+01,...\n",
      " y: array([[  0.000000e+00,  -6.635584e+01,  -1.515135e+05,   0.000000e+00,\n",
      "         -2.664257e+05,   0.000000e+00,   0.000000e+00,   0.000000e+00],\n",
      "       [  0.000000e+00,  -6.980498e+01,  -2.664257e+05,  -7.424881e+01,...\n",
      "[[  0.00000000e+00  -6.63558420e+01  -1.51513479e+05   0.00000000e+00\n",
      "   -2.66425667e+05   0.00000000e+00   0.00000000e+00   0.00000000e+00]\n",
      " [  0.00000000e+00  -6.97502143e+01  -2.66338765e+05  -1.95222520e+01\n",
      "   -1.02480385e+05   1.25225654e+02   0.00000000e+00   0.00000000e+00]\n",
      " [  0.00000000e+00   1.26532444e+01  -7.03144582e+04  -1.22393038e+05\n",
      "   -4.33049259e+04   2.66505973e+05   0.00000000e+00   0.00000000e+00]\n",
      " [  0.00000000e+00  -8.49995534e+01   2.90506364e+04  -3.67187926e+04\n",
      "   -2.68563738e+05   1.02556891e+05   0.00000000e+00   0.00000000e+00]\n",
      " [  0.00000000e+00   7.53462656e+01   1.22406719e+05   2.21757348e+04\n",
      "   -1.97110052e+04   1.94854455e+05   0.00000000e+00   0.00000000e+00]\n",
      " [  0.00000000e+00   5.88698116e+01   3.00750789e+05  -9.22638253e+04\n",
      "    1.94854455e+05   3.52309661e+05   0.00000000e+00   0.00000000e+00]\n",
      " [  0.00000000e+00   7.03350099e+04  -2.48465473e+03   0.00000000e+00\n",
      "    0.00000000e+00   0.00000000e+00   0.00000000e+00   0.00000000e+00]\n",
      " [ -2.72785265e-02  -2.91090718e+04  -1.02555731e+05  -1.39726116e+02\n",
      "    0.00000000e+00   0.00000000e+00   0.00000000e+00   0.00000000e+00]]\n",
      "('DOF:', array([  1.01325000e+05,   1.27300000e+03,   1.91466366e-01,\n",
      "         4.29294845e-01,   3.79238789e-01,   1.00000000e+00]))\n",
      "[['AL', 'CR', 'NI'], ['VA']]\n",
      "--\n",
      "('Phases', array(['GAMMA_PRIME', 'GAMMA_PRIME', 'FCC_A1'], \n",
      "      dtype='<U11'))\n",
      "('step', array([ -2.47761540e-02,  -7.69451016e-02,   1.01721256e-01,\n",
      "        -4.01878095e-02,   9.06431428e-02,  -5.04553333e-02,\n",
      "        -7.26552401e-03,  -5.25215210e-02,   5.97870450e-02,\n",
      "        -5.71001033e-02,   7.44491452e-02,  -1.73490419e-02,\n",
      "        -6.30403974e-03,   8.08131466e-02,  -7.45091069e-02,\n",
      "        -1.89115215e-16,  -1.88697763e-02,  -7.00330323e-02,\n",
      "         8.89028086e-02,   3.98835276e+02,  -2.66965721e+03,\n",
      "         1.46157740e+03,  -9.14578805e+03,  -1.75370229e+04,\n",
      "        -4.13268143e+04,  -1.36961046e+05,  -4.98893977e+04,\n",
      "        -7.79671535e+04]))\n",
      "('Site fractions', array([  1.00000000e-12,   7.71653374e-01,   2.30814661e-01,\n",
      "         8.09269839e-02,   9.29567125e-01,   1.00000000e-12,\n",
      "         3.88104986e-03,   7.30748449e-01,   2.65370501e-01,\n",
      "         7.50328965e-02,   9.18365862e-01,   6.60124149e-03,\n",
      "         1.85162326e-01,   5.10107991e-01,   3.04729682e-01,\n",
      "         1.00000000e+00]))\n",
      "('Phase fractions', array([ 0.08237789,  0.27806696,  0.63955515]))\n",
      "('NEW_L_MULTIPLIERS', array([    398.83527566,   -2669.65721191,    1461.57740374,\n",
      "         -9145.78805199,  -17537.02294849,  -41326.8143337 ,\n",
      "       -136961.04586477,  -49889.39774901,  -77967.15351029]))\n",
      "('Chem pot progress', array([ -3040.39977655,  -2945.29390519,  15495.07196839]))\n",
      "('Energy progress', -1.4551915228366852e-11)\n",
      "('Driving force', 2264.4534161634219)\n",
      "('obj weight', 1.0)\n",
      "--\n",
      "Gradient mismatch\n",
      "\n",
      "Not equal to tolerance rtol=1e-07, atol=0\n",
      "\n",
      "(mismatch 12.5%)\n",
      " x: array([  0.000000e+00,  -7.005625e+01,  -3.179937e+05,  -4.120602e+04,\n",
      "        -7.073646e+04,  -7.328984e+04,  -4.764483e+04,  -1.168452e+05])\n",
      " y: array([  0.000000e+00,  -7.005625e+01,  -8.831094e+04,  -4.120602e+04,\n",
      "        -7.073646e+04,  -7.328984e+04,  -4.764483e+04,  -1.168452e+05])\n",
      "[  0.00000000e+00   1.86588522e-11   2.29682746e+05   2.18278728e-11\n",
      "  -1.45519152e-11   5.82076609e-11   1.45519152e-11  -1.45519152e-11]\n",
      "('DOF:', array([  1.01325000e+05,   1.27300000e+03,   1.00000000e-13,\n",
      "         7.69753595e-01,   2.30683574e-01,   8.00865470e-02,\n",
      "         9.20679190e-01,   9.99234849e-13]))\n",
      "[['AL', 'CR', 'NI'], ['AL', 'CR', 'NI']]\n",
      "--\n",
      "--\n",
      "Gradient mismatch\n",
      "\n",
      "Not equal to tolerance rtol=1e-07, atol=0\n",
      "\n",
      "(mismatch 12.5%)\n",
      " x: array([  0.000000e+00,  -7.005625e+01,  -2.997347e+05,  -4.120602e+04,\n",
      "        -7.073646e+04,  -7.328984e+04,  -4.764483e+04,  -1.229361e+05])\n",
      " y: array([  0.000000e+00,  -7.005625e+01,  -2.997347e+05,  -4.120602e+04,\n",
      "        -7.073646e+04,  -7.328984e+04,  -4.764483e+04,  -4.637514e+04])\n",
      "[  0.00000000e+00   6.21014351e-12   0.00000000e+00   2.91038305e-11\n",
      "  -1.45519152e-11   4.36557457e-11   1.45519152e-11   7.65609152e+04]\n",
      "('DOF:', array([  1.01325000e+05,   1.27300000e+03,   9.97538041e-13,\n",
      "         7.69753595e-01,   2.30683574e-01,   8.00865470e-02,\n",
      "         9.20679190e-01,   1.00000000e-13]))\n",
      "[['AL', 'CR', 'NI'], ['AL', 'CR', 'NI']]\n",
      "--\n",
      "--\n",
      "Hessian mismatch\n",
      "\n",
      "Not equal to tolerance rtol=1e-07, atol=0\n",
      "\n",
      "(mismatch 76.5625%)\n",
      " x: array([[ -0.000000e+00,  -0.000000e+00,   0.000000e+00,   0.000000e+00,\n",
      "          0.000000e+00,   0.000000e+00,   0.000000e+00,   0.000000e+00],\n",
      "       [ -0.000000e+00,  -5.197470e-02,  -2.314732e+02,  -4.596444e+01,...\n",
      " y: array([[  0.000000e+00,   0.000000e+00,   0.000000e+00,   0.000000e+00,\n",
      "          0.000000e+00,   0.000000e+00,   0.000000e+00,   0.000000e+00],\n",
      "       [  0.000000e+00,  -2.820887e-02,  -2.265133e+02,  -5.952469e+01,...\n",
      "[[  0.00000000e+00   0.00000000e+00   0.00000000e+00   0.00000000e+00\n",
      "    0.00000000e+00   0.00000000e+00   0.00000000e+00   0.00000000e+00]\n",
      " [  0.00000000e+00   2.37658296e-02   4.95991279e+00  -1.35602550e+01\n",
      "   -9.95201146e+00  -5.43985420e+00  -1.33553001e+01  -1.73944672e+01]\n",
      " [  0.00000000e+00   4.95991279e+00  -4.56950354e+15  -1.41169365e+01\n",
      "   -5.48178681e+00   2.07159410e+01   2.20058484e+01  -7.34382150e+00]\n",
      " [  0.00000000e+00  -1.35602550e+01  -1.41169365e+01  -4.79589912e+00\n",
      "    3.16805811e+00   4.48645859e+00  -4.93175155e+00   1.26239893e+00]\n",
      " [  0.00000000e+00  -9.95201146e+00  -5.48178681e+00   3.16805811e+00\n",
      "    4.12845705e+00   1.72286058e+00   2.92293809e+00   8.02716888e+00]\n",
      " [  0.00000000e+00  -5.43985420e+00   2.07159410e+01   4.48645859e+00\n",
      "    1.72286058e+00   4.38615286e-01  -4.08789384e+00  -5.12553457e+00]\n",
      " [  0.00000000e+00  -1.33553001e+01   2.20058484e+01  -4.93175155e+00\n",
      "    2.92293809e+00  -4.08789384e+00   7.27187964e+00   2.59686663e+00]\n",
      " [  0.00000000e+00  -1.73944672e+01  -7.34382150e+00   1.26239893e+00\n",
      "    8.02716888e+00  -5.12553457e+00   2.59686663e+00  -1.52512455e+15]]\n",
      "('DOF:', array([  1.01325000e+05,   1.27300000e+03,   9.97538041e-13,\n",
      "         7.69753595e-01,   2.30683574e-01,   8.00865470e-02,\n",
      "         9.20679190e-01,   9.99234849e-13]))\n",
      "[['AL', 'CR', 'NI'], ['AL', 'CR', 'NI']]\n",
      "--\n",
      "--\n",
      "Hessian mismatch\n",
      "\n",
      "Not equal to tolerance rtol=1e-07, atol=0\n",
      "\n",
      "(mismatch 76.5625%)\n",
      " x: array([[ -0.000000e+00,  -0.000000e+00,   0.000000e+00,   0.000000e+00,\n",
      "          0.000000e+00,   0.000000e+00,   0.000000e+00,   0.000000e+00],\n",
      "       [ -0.000000e+00,  -5.216187e-02,  -9.322334e+01,  -4.627918e+01,...\n",
      " y: array([[  0.000000e+00,   0.000000e+00,   0.000000e+00,   0.000000e+00,\n",
      "          0.000000e+00,   0.000000e+00,   0.000000e+00,   0.000000e+00],\n",
      "       [  0.000000e+00,  -2.812874e-02,  -8.822086e+01,  -5.982991e+01,...\n",
      "[[  0.           0.           0.           0.           0.           0.\n",
      "    0.           0.        ]\n",
      " [  0.           0.02403313   5.00247576 -13.55073712  -9.96673328\n",
      "   -4.87998337 -13.19570788 -17.20300833]\n",
      " [  0.           5.00247576   4.01052539  -1.9233439    2.31029802\n",
      "    5.0705753    0.91437975  10.1015497 ]\n",
      " [  0.         -13.55073712  -1.9233439    7.23427069   0.69945598\n",
      "  -10.41614143   9.6345645   -4.36688156]\n",
      " [  0.          -9.96673328   2.31029802   0.69945598  -7.45841164\n",
      "    5.31704808   0.51003118  -1.94939275]\n",
      " [  0.          -4.87998337   5.0705753  -10.41614143   5.31704808\n",
      "    9.54338984   5.50522261  -5.68036637]\n",
      " [  0.         -13.19570788   0.91437975   9.6345645    0.51003118\n",
      "    5.50522261  -0.04070506   0.45391953]\n",
      " [  0.         -17.20300833  10.1015497   -4.36688156  -1.94939275\n",
      "   -5.68036637   0.45391953   0.78832467]]\n",
      "('DOF:', array([  1.01325000e+05,   1.27300000e+03,   3.88104986e-03,\n",
      "         7.30748449e-01,   2.65370501e-01,   7.50328965e-02,\n",
      "         9.18365862e-01,   6.60124149e-03]))\n",
      "[['AL', 'CR', 'NI'], ['AL', 'CR', 'NI']]\n",
      "--\n",
      "--\n",
      "Hessian mismatch\n",
      "\n",
      "Not equal to tolerance rtol=1e-07, atol=0\n",
      "\n",
      "(mismatch 53.125%)\n",
      " x: array([[ -0.000000e+00,  -0.000000e+00,   0.000000e+00,   0.000000e+00,\n",
      "          0.000000e+00,   0.000000e+00,   0.000000e+00,   0.000000e+00],\n",
      "       [ -0.000000e+00,  -5.453199e-02,  -8.425748e+01,  -5.272652e+01,...\n",
      " y: array([[  0.000000e+00,  -6.755428e+01,  -1.471094e+05,   0.000000e+00,\n",
      "         -2.495614e+05,   0.000000e+00,   0.000000e+00,   0.000000e+00],\n",
      "       [  0.000000e+00,  -6.794663e+01,  -2.495614e+05,  -7.874323e+01,...\n",
      "[[  0.00000000e+00  -6.75542768e+01  -1.47109446e+05   0.00000000e+00\n",
      "   -2.49561390e+05   0.00000000e+00   0.00000000e+00   0.00000000e+00]\n",
      " [  0.00000000e+00  -6.78920935e+01  -2.49477132e+05  -2.60167099e+01\n",
      "   -9.87922042e+04   1.21693267e+02   0.00000000e+00   0.00000000e+00]\n",
      " [  0.00000000e+00   5.51425007e+00  -7.29774437e+04  -1.16206380e+05\n",
      "   -4.65716977e+04   2.49581956e+05   0.00000000e+00   0.00000000e+00]\n",
      " [  0.00000000e+00  -8.61483428e+01   3.08351191e+04  -2.71662320e+04\n",
      "   -2.56389969e+05   9.88497089e+04   0.00000000e+00   0.00000000e+00]\n",
      " [  0.00000000e+00   7.78378991e+01   1.16213727e+05   1.94173318e+04\n",
      "   -2.07223857e+04   1.93683000e+05   0.00000000e+00   0.00000000e+00]\n",
      " [  0.00000000e+00   5.41389901e+01   2.78027503e+05  -9.48430646e+04\n",
      "    1.93683000e+05   3.32227574e+05   0.00000000e+00   0.00000000e+00]\n",
      " [  0.00000000e+00   7.29861669e+04   1.29066779e+03   0.00000000e+00\n",
      "    0.00000000e+00   0.00000000e+00   0.00000000e+00   0.00000000e+00]\n",
      " [ -2.74100844e-02  -3.09073491e+04  -9.88700421e+04  -1.38874863e+02\n",
      "    0.00000000e+00   0.00000000e+00   0.00000000e+00   0.00000000e+00]]\n",
      "('DOF:', array([  1.01325000e+05,   1.27300000e+03,   1.85162326e-01,\n",
      "         5.10107991e-01,   3.04729682e-01,   1.00000000e+00]))\n",
      "[['AL', 'CR', 'NI'], ['VA']]\n",
      "--\n",
      "('Phases', array(['GAMMA_PRIME', 'GAMMA_PRIME', 'FCC_A1'], \n",
      "      dtype='<U11'))\n",
      "('step', array([  1.78775921e-11,  -1.09639298e-01,   1.09202129e-01,\n",
      "         2.15559098e-01,  -2.16324835e-01,   1.56750445e-11,\n",
      "         1.11728184e-02,  -8.89617195e-02,   7.77889011e-02,\n",
      "         2.13262514e-01,  -2.07003286e-01,  -6.25922779e-03,\n",
      "        -2.10432001e-02,   2.98433627e-02,  -8.80016256e-03,\n",
      "         1.13164976e-16,   1.20445319e-02,   4.67452916e-02,\n",
      "        -5.87960784e-02,  -7.27129937e+02,  -3.59760533e+03,\n",
      "        -2.62668421e+03,  -1.25780393e+04,  -2.07094904e+03,\n",
      "        -3.27644461e+04,  -1.30080185e+05,  -4.92662901e+04,\n",
      "        -9.12873893e+04]))\n",
      "('Site fractions', array([  1.88751301e-11,   6.60114298e-01,   3.39885702e-01,\n",
      "         2.95645645e-01,   7.04354355e-01,   1.66742793e-11,\n",
      "         1.50538682e-02,   6.41786729e-01,   3.43159402e-01,\n",
      "         2.88295410e-01,   7.11362576e-01,   3.42013702e-04,\n",
      "         1.64119126e-01,   5.39951354e-01,   2.95929520e-01,\n",
      "         1.00000000e+00]))\n",
      "('Phase fractions', array([ 0.09442242,  0.32481225,  0.58075907]))\n",
      "('NEW_L_MULTIPLIERS', array([   -727.12993733,   -3597.60533207,   -2626.68420871,\n",
      "        -12578.03931725,   -2070.94903888,  -32764.44607294,\n",
      "       -130080.18480704,  -49266.29009627,  -91287.38930764]))\n",
      "('Chem pot progress', array([  6880.86105773,    623.10765274, -13320.23579735]))\n",
      "('Energy progress', 594.23877596326929)\n",
      "('Driving force', -1469.9981871593627)\n",
      "('obj weight', 1.0)\n",
      "--\n",
      "Hessian mismatch\n",
      "\n",
      "Not equal to tolerance rtol=1e-07, atol=0\n",
      "\n",
      "(mismatch 76.5625%)\n",
      " x: array([[ -0.000000e+00,  -0.000000e+00,   0.000000e+00,   0.000000e+00,\n",
      "          0.000000e+00,   0.000000e+00,   0.000000e+00,   0.000000e+00],\n",
      "       [ -0.000000e+00,  -5.246862e-02,  -2.129727e+02,  -4.799472e+01,...\n",
      " y: array([[  0.000000e+00,   0.000000e+00,   0.000000e+00,   0.000000e+00,\n",
      "          0.000000e+00,   0.000000e+00,   0.000000e+00,   0.000000e+00],\n",
      "       [  0.000000e+00,  -2.786792e-02,  -2.068304e+02,  -6.046140e+01,...\n",
      "[[  0.00000000e+00   0.00000000e+00   0.00000000e+00   0.00000000e+00\n",
      "    0.00000000e+00   0.00000000e+00   0.00000000e+00   0.00000000e+00]\n",
      " [  0.00000000e+00   2.46006997e-02   6.14227058e+00  -1.24666812e+01\n",
      "   -6.32558004e+00  -4.11206840e+00  -1.27229021e+01  -1.74243134e+01]\n",
      " [  0.00000000e+00   6.14227058e+00  -3.94154910e+11   7.17180155e+00\n",
      "    1.06983026e+00  -2.41983179e+01   2.97975112e+01  -2.55852029e+01]\n",
      " [  0.00000000e+00  -1.24666812e+01   7.17180155e+00  -1.82645942e+00\n",
      "   -1.11957366e+00  -6.75545000e+00   3.32173203e+00   5.34372182e+00]\n",
      " [  0.00000000e+00  -6.32558004e+00   1.06983026e+00  -1.11957366e+00\n",
      "   -6.39524687e-01  -2.11975860e+00  -2.32739677e+00   4.13801924e+00]\n",
      " [  0.00000000e+00  -4.11206840e+00  -2.41983179e+01  -6.75545000e+00\n",
      "   -2.11975860e+00   5.80821370e-01   2.58301189e-01  -7.41645454e+00]\n",
      " [  0.00000000e+00  -1.27229021e+01   2.97975112e+01   3.32173203e+00\n",
      "   -2.32739677e+00   2.58301189e-01   2.28190569e+00   4.53315740e-01]\n",
      " [  0.00000000e+00  -1.74243134e+01  -2.55852029e+01   5.34372182e+00\n",
      "    4.13801924e+00  -7.41645454e+00   4.53315740e-01  -1.90669266e+11]]\n",
      "('DOF:', array([  1.01325000e+05,   1.27300000e+03,   1.88751301e-11,\n",
      "         6.60114298e-01,   3.39885702e-01,   2.95645645e-01,\n",
      "         7.04354355e-01,   1.66742793e-11]))\n",
      "[['AL', 'CR', 'NI'], ['AL', 'CR', 'NI']]\n",
      "--\n",
      "--\n",
      "Hessian mismatch\n",
      "\n",
      "Not equal to tolerance rtol=1e-07, atol=0\n",
      "\n",
      "(mismatch 76.5625%)\n",
      " x: array([[ -0.000000e+00,  -0.000000e+00,   0.000000e+00,   0.000000e+00,\n",
      "          0.000000e+00,   0.000000e+00,   0.000000e+00,   0.000000e+00],\n",
      "       [ -0.000000e+00,  -5.243544e-02,  -8.497754e+01,  -4.824450e+01,...\n",
      " y: array([[  0.000000e+00,   0.000000e+00,   0.000000e+00,   0.000000e+00,\n",
      "          0.000000e+00,   0.000000e+00,   0.000000e+00,   0.000000e+00],\n",
      "       [  0.000000e+00,  -2.783132e-02,  -7.899359e+01,  -6.058693e+01,...\n",
      "[[  0.           0.           0.           0.           0.           0.\n",
      "    0.           0.        ]\n",
      " [  0.           0.02460411   5.98395296 -12.34243754  -6.03874143\n",
      "   -3.81903294 -12.42271886 -16.89580124]\n",
      " [  0.           5.98395296  -2.05422557   1.7100477   20.75787867\n",
      "    7.96998937  16.89721249  -7.38618915]\n",
      " [  0.         -12.34243754   1.7100477   -0.3878329    0.69945598\n",
      "   -7.02808863  -5.02361056  -3.14634251]\n",
      " [  0.          -6.03874143  20.75787867   0.69945598  -9.84496637\n",
      "   -0.98064997  -6.0691399   -1.04497509]\n",
      " [  0.          -3.81903294   7.96998937  -7.02808863  -0.98064997\n",
      "   -5.33253668  -0.92932237  -2.19633571]\n",
      " [  0.         -12.42271886  16.89721249  -5.02361056  -6.0691399\n",
      "   -0.92932237  -5.62456313   2.27229915]\n",
      " [  0.         -16.89580124  -7.38618915  -3.14634251  -1.04497509\n",
      "   -2.19633571   2.27229915   5.39250955]]\n",
      "('DOF:', array([  1.01325000e+05,   1.27300000e+03,   1.50538682e-02,\n",
      "         6.41786729e-01,   3.43159402e-01,   2.88295410e-01,\n",
      "         7.11362576e-01,   3.42013702e-04]))\n",
      "[['AL', 'CR', 'NI'], ['AL', 'CR', 'NI']]\n",
      "--\n",
      "--\n",
      "Hessian mismatch\n",
      "\n",
      "Not equal to tolerance rtol=1e-07, atol=0\n",
      "\n",
      "(mismatch 53.125%)\n",
      " x: array([[ -0.000000e+00,  -0.000000e+00,   0.000000e+00,   0.000000e+00,\n",
      "          0.000000e+00,   0.000000e+00,   0.000000e+00,   0.000000e+00],\n",
      "       [ -0.000000e+00,  -5.463117e-02,  -8.525486e+01,  -5.200428e+01,...\n",
      " y: array([[  0.000000e+00,  -6.857028e+01,  -1.459145e+05,   0.000000e+00,\n",
      "         -2.507401e+05,   0.000000e+00,   0.000000e+00,   0.000000e+00],\n",
      "       [  0.000000e+00,  -6.766964e+01,  -2.507401e+05,  -8.011114e+01,...\n",
      "[[  0.00000000e+00  -6.85702763e+01  -1.45914549e+05   0.00000000e+00\n",
      "   -2.50740143e+05   0.00000000e+00   0.00000000e+00   0.00000000e+00]\n",
      " [  0.00000000e+00  -6.76150081e+01  -2.50654889e+05  -2.81068592e+01\n",
      "   -9.64628068e+04   1.20096879e+02   0.00000000e+00   0.00000000e+00]\n",
      " [  0.00000000e+00   5.14372754e+00  -7.86090032e+04  -1.14798659e+05\n",
      "   -4.15518656e+04   2.50742480e+05   0.00000000e+00   0.00000000e+00]\n",
      " [  0.00000000e+00  -8.68884665e+01   3.10482196e+04  -2.53066376e+04\n",
      "   -2.48815798e+05   9.65431793e+04   0.00000000e+00   0.00000000e+00]\n",
      " [  0.00000000e+00   7.73629297e+01   1.14826258e+05   1.95824592e+04\n",
      "   -2.13481319e+04   1.87483747e+05   0.00000000e+00   0.00000000e+00]\n",
      " [  0.00000000e+00   5.15266026e+01   2.77813480e+05  -9.09546856e+04\n",
      "    1.87483747e+05   3.21982799e+05   0.00000000e+00   0.00000000e+00]\n",
      " [  0.00000000e+00   7.85920334e+04   1.75688544e+03   0.00000000e+00\n",
      "    0.00000000e+00   0.00000000e+00   0.00000000e+00   0.00000000e+00]\n",
      " [ -2.74968580e-02  -3.11197410e+04  -9.65401697e+04  -1.38892743e+02\n",
      "    0.00000000e+00   0.00000000e+00   0.00000000e+00   0.00000000e+00]]\n",
      "('DOF:', array([  1.01325000e+05,   1.27300000e+03,   1.64119126e-01,\n",
      "         5.39951354e-01,   2.95929520e-01,   1.00000000e+00]))\n",
      "[['AL', 'CR', 'NI'], ['VA']]\n",
      "--\n",
      "('Phases', array(['GAMMA_PRIME', 'GAMMA_PRIME', 'FCC_A1'], \n",
      "      dtype='<U11'))\n",
      "('step', array([  4.55241527e-10,  -6.36985746e-02,   6.36985742e-02,\n",
      "         2.08459457e-01,  -2.08459457e-01,   3.28463366e-10,\n",
      "         1.14640950e-02,   2.26991524e-02,  -3.41632473e-02,\n",
      "         6.95510459e-02,  -7.00941142e-02,   5.43068249e-04,\n",
      "        -2.39411446e-02,   2.11892818e-02,   2.75186278e-03,\n",
      "        -8.10433367e-17,   1.23137716e-02,   3.86056843e-02,\n",
      "        -5.09194559e-02,  -1.30480065e+03,  -4.41130384e+03,\n",
      "        -3.78893581e+03,  -1.45321678e+04,  -3.25888341e+02,\n",
      "        -2.98632726e+04,  -1.32297144e+05,  -4.76822395e+04,\n",
      "        -9.26962649e+04]))\n",
      "('Site fractions', array([  4.74116657e-10,   5.96415723e-01,   4.03584277e-01,\n",
      "         5.04105102e-01,   4.95894898e-01,   3.45137645e-10,\n",
      "         2.65179632e-02,   6.64485882e-01,   3.08996155e-01,\n",
      "         3.57846456e-01,   6.41268462e-01,   8.85081951e-04,\n",
      "         1.40177982e-01,   5.61140636e-01,   2.98681382e-01,\n",
      "         1.00000000e+00]))\n",
      "('Phase fractions', array([ 0.10673679,  0.36341996,  0.52984325]))\n",
      "('NEW_L_MULTIPLIERS', array([  -1304.80064789,   -4411.30383976,   -3788.93580586,\n",
      "        -14532.16779508,    -325.88834089,  -29863.27260904,\n",
      "       -132297.14368663,  -47682.23949441,  -92696.26493158]))\n",
      "('Chem pot progress', array([-2216.95887959,  1584.05060186, -1408.87562394]))\n",
      "('Energy progress', -1074.1252812340099)\n",
      "('Driving force', 232.01929110463243)\n",
      "('obj weight', 1.0)\n",
      "--\n",
      "Hessian mismatch\n",
      "\n",
      "Not equal to tolerance rtol=1e-07, atol=0\n",
      "\n",
      "(mismatch 76.5625%)\n",
      " x: array([[ -0.000000e+00,  -0.000000e+00,   0.000000e+00,   0.000000e+00,\n",
      "          0.000000e+00,   0.000000e+00,   0.000000e+00,   0.000000e+00],\n",
      "       [ -0.000000e+00,  -5.269948e-02,  -1.936511e+02,  -4.961836e+01,...\n",
      " y: array([[  0.000000e+00,   0.000000e+00,   0.000000e+00,   0.000000e+00,\n",
      "          0.000000e+00,   0.000000e+00,   0.000000e+00,   0.000000e+00],\n",
      "       [  0.000000e+00,  -2.761695e-02,  -1.861982e+02,  -6.115398e+01,...\n",
      "[[  0.00000000e+00   0.00000000e+00   0.00000000e+00   0.00000000e+00\n",
      "    0.00000000e+00   0.00000000e+00   0.00000000e+00   0.00000000e+00]\n",
      " [  0.00000000e+00   2.50825317e-02   7.45290702e+00  -1.15356181e+01\n",
      "   -3.00920013e+00  -3.50801151e+00  -1.22041535e+01  -1.74555310e+01]\n",
      " [  0.00000000e+00   7.45290702e+00  -2.48284998e+07  -1.92330643e+00\n",
      "   -3.19311434e+00  -8.23532352e+00   4.46302388e+00   1.65059518e+00]\n",
      " [  0.00000000e+00  -1.15356181e+01  -1.92330643e+00  -5.33789656e+00\n",
      "    6.99455979e-01  -2.94930709e-01   5.85873648e+00  -6.15923231e+00]\n",
      " [  0.00000000e+00  -3.00920013e+00  -3.19311434e+00   6.99455979e-01\n",
      "    2.07204345e+00   6.77046747e+00   1.61314818e+00   2.10557715e-01]\n",
      " [  0.00000000e+00  -3.50801151e+00  -8.23532352e+00  -2.94930709e-01\n",
      "    6.77046747e+00   1.02778301e+01   8.38141613e+00   4.03103774e+00]\n",
      " [  0.00000000e+00  -1.22041535e+01   4.46302388e+00   5.85873648e+00\n",
      "    1.61314818e+00   8.38141613e+00   2.59389620e+00  -1.36575414e+00]\n",
      " [  0.00000000e+00  -1.74555310e+01   1.65059518e+00  -6.15923231e+00\n",
      "    2.10557715e-01   4.03103774e+00  -1.36575414e+00  -2.14540197e+07]]\n",
      "('DOF:', array([  1.01325000e+05,   1.27300000e+03,   4.74116657e-10,\n",
      "         5.96415723e-01,   4.03584277e-01,   5.04105102e-01,\n",
      "         4.95894898e-01,   3.45137645e-10]))\n",
      "[['AL', 'CR', 'NI'], ['AL', 'CR', 'NI']]\n",
      "--\n",
      "--\n",
      "Hessian mismatch\n",
      "\n",
      "Not equal to tolerance rtol=1e-07, atol=0\n",
      "\n",
      "(mismatch 76.5625%)\n",
      " x: array([[ -0.000000e+00,  -0.000000e+00,   0.000000e+00,   0.000000e+00,\n",
      "          0.000000e+00,   0.000000e+00,   0.000000e+00,   0.000000e+00],\n",
      "       [ -0.000000e+00,  -5.215833e-02,  -8.144120e+01,  -4.840104e+01,...\n",
      " y: array([[  0.000000e+00,   0.000000e+00,   0.000000e+00,   0.000000e+00,\n",
      "          0.000000e+00,   0.000000e+00,   0.000000e+00,   0.000000e+00],\n",
      "       [  0.000000e+00,  -2.777807e-02,  -7.624453e+01,  -6.035107e+01,...\n",
      "[[  0.           0.           0.           0.           0.           0.\n",
      "    0.           0.        ]\n",
      " [  0.           0.02438026   5.19667389 -11.95003212  -4.56449553\n",
      "   -4.29389397 -12.1970364  -16.88968706]\n",
      " [  0.           5.19667389   3.09700384   3.54778599  -1.64377954\n",
      "    6.13600062  -7.44284722   9.53596125]\n",
      " [  0.         -11.95003212   3.54778599  -0.90432199  -1.11957366\n",
      "   -7.62276092 -12.33522151  -6.27128584]\n",
      " [  0.          -4.56449553  -1.64377954  -1.11957366   4.6774919\n",
      "   -5.08155248  -2.06937265  -0.35768337]\n",
      " [  0.          -4.29389397   6.13600062  -7.62276092  -5.08155248\n",
      "   -1.00687893   1.90108999   6.11902972]\n",
      " [  0.         -12.1970364   -7.44284722 -12.33522151  -2.06937265\n",
      "    1.90108999  -6.49859535  -1.3657199 ]\n",
      " [  0.         -16.88968706   9.53596125  -6.27128584  -0.35768337\n",
      "    6.11902972  -1.3657199    1.25354491]]\n",
      "('DOF:', array([  1.01325000e+05,   1.27300000e+03,   2.65179632e-02,\n",
      "         6.64485882e-01,   3.08996155e-01,   3.57846456e-01,\n",
      "         6.41268462e-01,   8.85081951e-04]))\n",
      "[['AL', 'CR', 'NI'], ['AL', 'CR', 'NI']]\n",
      "--\n",
      "--\n",
      "Hessian mismatch\n",
      "\n",
      "Not equal to tolerance rtol=1e-07, atol=0\n",
      "\n",
      "(mismatch 53.125%)\n",
      " x: array([[ -0.000000e+00,  -0.000000e+00,   0.000000e+00,   0.000000e+00,\n",
      "          0.000000e+00,   0.000000e+00,   0.000000e+00,   0.000000e+00],\n",
      "       [ -0.000000e+00,  -5.482195e-02,  -8.702543e+01,  -5.152292e+01,...\n",
      " y: array([[  0.000000e+00,  -6.973999e+01,  -1.452023e+05,   0.000000e+00,\n",
      "         -2.551542e+05,   0.000000e+00,   0.000000e+00,   0.000000e+00],\n",
      "       [  0.000000e+00,  -6.771735e+01,  -2.551542e+05,  -8.084255e+01,...\n",
      "[[  0.00000000e+00  -6.97399930e+01  -1.45202269e+05   0.00000000e+00\n",
      "   -2.55154162e+05   0.00000000e+00   0.00000000e+00   0.00000000e+00]\n",
      " [  0.00000000e+00  -6.76625285e+01  -2.55067137e+05  -2.93196254e+01\n",
      "   -9.42441360e+04   1.18802863e+02   0.00000000e+00   0.00000000e+00]\n",
      " [  0.00000000e+00   6.18288785e+00  -8.75729325e+04  -1.14173693e+05\n",
      "   -3.52087537e+04   2.55119005e+05   0.00000000e+00   0.00000000e+00]\n",
      " [  0.00000000e+00  -8.76120306e+01   3.09608594e+04  -2.47460116e+04\n",
      "   -2.41645027e+05   9.43312393e+04   0.00000000e+00   0.00000000e+00]\n",
      " [  0.00000000e+00   7.63038783e+01   1.14175986e+05   1.96766617e+04\n",
      "   -2.13117513e+04   1.80480483e+05   0.00000000e+00   0.00000000e+00]\n",
      " [  0.00000000e+00   4.90628705e+01   2.81513625e+05  -8.61068253e+04\n",
      "    1.80480483e+05   3.13033173e+05   0.00000000e+00   0.00000000e+00]\n",
      " [  0.00000000e+00   8.75667534e+04   1.64083243e+03   0.00000000e+00\n",
      "    0.00000000e+00   0.00000000e+00   0.00000000e+00   0.00000000e+00]\n",
      " [ -2.75769841e-02  -3.10533248e+04  -9.43204398e+04  -1.39134951e+02\n",
      "    0.00000000e+00   0.00000000e+00   0.00000000e+00   0.00000000e+00]]\n",
      "('DOF:', array([  1.01325000e+05,   1.27300000e+03,   1.40177982e-01,\n",
      "         5.61140636e-01,   2.98681382e-01,   1.00000000e+00]))\n",
      "[['AL', 'CR', 'NI'], ['VA']]\n",
      "--\n",
      "('Phases', array(['GAMMA_PRIME', 'GAMMA_PRIME', 'FCC_A1'], \n",
      "      dtype='<U11'))\n",
      "('step', array([ -1.25918736e-07,   7.29484332e-01,  -7.29484206e-01,\n",
      "        -1.18069410e+00,   1.18069417e+00,  -6.96777112e-08,\n",
      "        -3.05806943e-02,   7.43012091e-02,  -4.37205148e-02,\n",
      "        -2.18425904e-01,   2.18456808e-01,  -3.09045660e-05,\n",
      "        -2.30997381e-02,   6.32881299e-02,  -4.01883918e-02,\n",
      "         4.26541514e-16,  -1.65472985e+00,  -1.48061300e+00,\n",
      "         3.13534284e+00,   2.21082429e+04,   6.73217378e+04,\n",
      "         1.32634490e+04,   4.60719221e+04,   2.60273022e+03,\n",
      "        -1.90624818e+05,  -1.47824251e+05,  -4.73224415e+04,\n",
      "        -8.57482780e+04]))\n",
      "('Site fractions', array([  1.00000000e-12,   1.00000000e+00,   1.00000000e-12,\n",
      "         1.00000000e-12,   1.00000000e+00,   1.00000000e-12,\n",
      "         1.00000000e-12,   7.38787091e-01,   2.65275640e-01,\n",
      "         1.39420552e-01,   8.59725270e-01,   8.54177385e-04,\n",
      "         1.17078244e-01,   6.24428766e-01,   2.58492991e-01,\n",
      "         1.00000000e+00]))\n",
      "('Phase fractions', array([-1.54799306, -1.11719303,  3.66518609]))\n",
      "('NEW_L_MULTIPLIERS', array([  22108.24290797,   67321.73775121,   13263.44904104,\n",
      "         46071.92209048,    2602.73022246, -190624.81802221,\n",
      "       -147824.25092955,  -47322.44145586,  -85748.27801291]))\n",
      "('Chem pot progress', array([-15527.10724292,    359.79803856,   6947.98691867]))\n",
      "('Energy progress', 339.45864903509209)\n",
      "('Driving force', -43497.004564586547)\n",
      "('obj weight', 1.0)\n",
      "--\n",
      "Hessian mismatch\n",
      "\n",
      "Not equal to tolerance rtol=1e-07, atol=0\n",
      "\n",
      "(mismatch 69.44444444444444%)\n",
      " x: array([[ -0.000000e+00,  -0.000000e+00,   0.000000e+00,   0.000000e+00,\n",
      "          0.000000e+00,   0.000000e+00],\n",
      "       [ -0.000000e+00,  -5.469528e-02,  -8.731828e+01,  -5.006290e+01,...\n",
      " y: array([[  0.000000e+00,   0.000000e+00,   0.000000e+00,   0.000000e+00,\n",
      "          0.000000e+00,   0.000000e+00],\n",
      "       [  0.000000e+00,  -2.771775e-02,  -7.160415e+01,  -6.654875e+01,...\n",
      "[[  0.00000000e+00   0.00000000e+00   0.00000000e+00   0.00000000e+00\n",
      "    0.00000000e+00   0.00000000e+00]\n",
      " [  0.00000000e+00   2.69775283e-02   1.57141357e+01  -1.64858521e+01\n",
      "   -7.45670445e+00  -2.27018246e+01]\n",
      " [  0.00000000e+00   1.57141357e+01   4.62762341e+00   1.48530985e+01\n",
      "   -2.09448836e+01  -2.30497792e+01]\n",
      " [  0.00000000e+00  -1.64858521e+01   1.48530985e+01   1.21675697e+01\n",
      "    1.01872003e+01   9.28435067e-01]\n",
      " [  0.00000000e+00  -7.45670445e+00  -2.09448836e+01   1.01872003e+01\n",
      "    1.02497958e+01  -6.56778476e+00]\n",
      " [  0.00000000e+00  -2.27018246e+01  -2.30497792e+01   9.28435067e-01\n",
      "   -6.56778476e+00   6.91556141e+04]]\n",
      "('DOF:', array([  1.01325000e+05,   1.27300000e+03,   1.17078244e-01,\n",
      "         6.24428766e-01,   2.58492991e-01,   1.00000000e+00]))\n",
      "[['AL', 'CR', 'NI'], ['VA']]\n",
      "--\n",
      "('Phases', array(['FCC_A1'], \n",
      "      dtype='<U11'))\n",
      "('step', array([  7.52175649e-03,  -2.44287658e-02,   1.69070093e-02,\n",
      "         8.86319854e-19,  -2.69258984e-16,   4.84331010e+03,\n",
      "        -5.02215506e+04,  -1.36776998e+05,  -4.83157442e+04,\n",
      "        -9.43314415e+04]))\n",
      "('Site fractions', array([ 0.1246,  0.6   ,  0.2754,  1.    ]))\n",
      "('Phase fractions', array([ 1.]))\n",
      "('NEW_L_MULTIPLIERS', array([   4843.31010407,  -50221.55055309, -136776.99845552,\n",
      "        -48315.74421382,  -94331.4414834 ]))\n",
      "('Chem pot progress', array([ 11047.25247403,   -993.30275796,  -8583.16347049]))\n",
      "('Energy progress', 1608.1215406073461)\n",
      "('Driving force', -2885.9614990425762)\n",
      "('obj weight', 1.0)\n",
      "--\n",
      "Hessian mismatch\n",
      "\n",
      "Not equal to tolerance rtol=1e-07, atol=0\n",
      "\n",
      "(mismatch 69.44444444444444%)\n",
      " x: array([[ -0.000000e+00,  -0.000000e+00,   0.000000e+00,   0.000000e+00,\n",
      "          0.000000e+00,   0.000000e+00],\n",
      "       [ -0.000000e+00,  -5.477711e-02,  -8.733730e+01,  -5.063222e+01,...\n",
      " y: array([[  0.000000e+00,   0.000000e+00,   0.000000e+00,   0.000000e+00,\n",
      "          0.000000e+00,   0.000000e+00],\n",
      "       [  0.000000e+00,  -2.766625e-02,  -7.092500e+01,  -6.705270e+01,...\n",
      "[[  0.00000000e+00   0.00000000e+00   0.00000000e+00   0.00000000e+00\n",
      "    0.00000000e+00   0.00000000e+00]\n",
      " [  0.00000000e+00   2.71108611e-02   1.64122916e+01  -1.64204762e+01\n",
      "   -6.38644254e+00  -2.18695018e+01]\n",
      " [  0.00000000e+00   1.64122916e+01  -8.81085462e+00   1.18086229e+01\n",
      "   -1.18037816e+01  -1.40254409e+01]\n",
      " [  0.00000000e+00  -1.64204762e+01   1.18086229e+01   7.78309120e+00\n",
      "   -9.17255182e+00   1.48910407e+01]\n",
      " [  0.00000000e+00  -6.38644254e+00  -1.18037816e+01  -9.17255182e+00\n",
      "   -2.90874646e+00  -1.73597287e+01]\n",
      " [  0.00000000e+00  -2.18695018e+01  -1.40254409e+01   1.48910407e+01\n",
      "   -1.73597287e+01   7.05916810e+04]]\n",
      "('DOF:', array([  1.01325000e+05,   1.27300000e+03,   1.24600000e-01,\n",
      "         6.00000000e-01,   2.75400000e-01,   1.00000000e+00]))\n",
      "[['AL', 'CR', 'NI'], ['VA']]\n",
      "--\n",
      "('Phases', array(['FCC_A1'], \n",
      "      dtype='<U11'))\n",
      "('step', array([  3.07430293e-16,  -5.25897578e-16,  -1.49369355e-17,\n",
      "        -5.64685020e-17,   1.76540289e-16,   3.38240239e+03,\n",
      "        -5.02355812e+04,  -1.35350605e+05,  -4.68741628e+04,\n",
      "        -9.28778136e+04]))\n",
      "('Site fractions', array([ 0.1246,  0.6   ,  0.2754,  1.    ]))\n",
      "('Phase fractions', array([ 1.]))\n",
      "('NEW_L_MULTIPLIERS', array([   3382.40238974,  -50235.58120935, -135350.60458296,\n",
      "        -46874.1627964 ,  -92877.81361512]))\n",
      "('Chem pot progress', array([ 1426.39387256,  1441.58141742,  1453.62786829]))\n",
      "('Energy progress', -1442.9548571452615)\n",
      "('Driving force', -2.9103830456733704e-11)\n",
      "('obj weight', 1.0)\n",
      "--\n",
