{
 "cells": [
  {
   "cell_type": "code",
   "execution_count": 1,
   "metadata": {
    "collapsed": false
   },
   "outputs": [],
   "source": [
    "import numpy as np\n",
    "from pycalphad import Model, Database, calculate, equilibrium\n",
    "from pycalphad.core.compiled_model import CompiledModel\n",
    "import pycalphad.variables as v\n",
    "from pycalphad.tests.datasets import ISSUE43_TDB\n",
    "dbf = Database(ISSUE43_TDB)\n",
    "models = {key: CompiledModel(dbf, ['AL', 'NI', 'CR', 'VA'], key, _debug=True) for key in dbf.phases.keys()}"
   ]
  },
  {
   "cell_type": "code",
   "execution_count": 2,
   "metadata": {
    "collapsed": false,
    "scrolled": false
   },
   "outputs": [
    {
     "name": "stdout",
     "output_type": "stream",
     "text": [
      "Calculation Backend: Compiled (autowrap)\n",
      "Components: AL CR NI VA\n",
      "Phases: FCC_A1 GAMMA_PRIME [done]\n",
      "--\n",
      "Hessian mismatch\n",
      "\n",
      "Not equal to tolerance rtol=1e-07, atol=0\n",
      "\n",
      "(mismatch 76.5625%)\n",
      " x: array([[  0.000000e+00,   0.000000e+00,   0.000000e+00,   0.000000e+00,\n",
      "          0.000000e+00,   0.000000e+00,   0.000000e+00,   0.000000e+00],\n",
      "       [  0.000000e+00,  -2.817748e-02,  -7.978210e+01,  -5.906678e+01,...\n",
      " y: array([[  0.000000e+00,   0.000000e+00,   0.000000e+00,   0.000000e+00,\n",
      "          0.000000e+00,   0.000000e+00,   0.000000e+00,   0.000000e+00],\n",
      "       [  0.000000e+00,  -2.817743e-02,  -7.977725e+01,  -5.905774e+01,...\n",
      "[[  0.00000000e+00   0.00000000e+00   0.00000000e+00   0.00000000e+00\n",
      "    0.00000000e+00   0.00000000e+00   0.00000000e+00   0.00000000e+00]\n",
      " [  0.00000000e+00   5.07798709e-08   4.84515785e-03   9.04381543e-03\n",
      "    9.20275656e-04  -7.73102256e-03  -1.23256771e-02   4.57752251e-03]\n",
      " [  0.00000000e+00   4.84515785e-03   1.02541126e+01  -9.02733018e-02\n",
      "   -2.92731301e+00  -6.17949839e-01  -6.85066577e+00   1.54538729e+01]\n",
      " [  0.00000000e+00   9.04381543e-03  -9.02733018e-02  -2.52434132e+00\n",
      "   -1.14037469e+00   1.17649253e+01  -1.44144477e+01  -1.30540171e+00]\n",
      " [  0.00000000e+00   9.20275656e-04  -2.92731301e+00  -1.14037469e+00\n",
      "    6.42155551e+00   3.26235456e+00   2.98656568e+00   5.24594718e+00]\n",
      " [  0.00000000e+00  -7.73102256e-03  -6.17949839e-01   1.17649253e+01\n",
      "    3.26235456e+00  -6.57831232e+00   4.94581620e+00  -5.49780710e+00]\n",
      " [  0.00000000e+00  -1.23256771e-02  -6.85066577e+00  -1.44144477e+01\n",
      "    2.98656568e+00   4.94581620e+00  -3.68838641e+00   4.51319444e-01]\n",
      " [  0.00000000e+00   4.57752251e-03   1.54538729e+01  -1.30540171e+00\n",
      "    5.24594718e+00  -5.49780710e+00   4.51319444e-01  -6.34167138e-01]]\n",
      "('DOF:', array([  1.01325000e+05,   1.27300000e+03,   2.23081187e-02,\n",
      "         8.48598476e-01,   1.29093406e-01,   1.21114793e-01,\n",
      "         8.38923982e-01,   3.99612242e-02]))\n",
      "[['AL', 'CR', 'NI'], ['AL', 'CR', 'NI']]\n",
      "--\n",
      "--\n",
      "Hessian mismatch\n",
      "\n",
      "Not equal to tolerance rtol=1e-07, atol=0\n",
      "\n",
      "(mismatch 75.0%)\n",
      " x: array([[  0.000000e+00,   0.000000e+00,   0.000000e+00,   0.000000e+00,\n",
      "          0.000000e+00,   0.000000e+00,   0.000000e+00,   0.000000e+00],\n",
      "       [  0.000000e+00,  -2.811917e-02,  -8.283861e+01,  -5.949284e+01,...\n",
      " y: array([[  0.000000e+00,   0.000000e+00,   0.000000e+00,   0.000000e+00,\n",
      "          0.000000e+00,   0.000000e+00,   0.000000e+00,   0.000000e+00],\n",
      "       [  0.000000e+00,  -2.811917e-02,  -8.283506e+01,  -5.949062e+01,...\n",
      "[[  0.00000000e+00   0.00000000e+00   0.00000000e+00   0.00000000e+00\n",
      "    0.00000000e+00   0.00000000e+00   0.00000000e+00   0.00000000e+00]\n",
      " [  0.00000000e+00   1.78763299e-09   3.55007261e-03   2.22212419e-03\n",
      "    2.06956501e-03  -2.60975662e-03   4.93603808e-03  -1.05589980e-02]\n",
      " [  0.00000000e+00   3.55007261e-03  -1.11709583e+01   5.34810699e+00\n",
      "    9.26805454e+00   1.32268664e+01  -2.72736827e-01   4.88924316e+00]\n",
      " [  0.00000000e+00   2.22212419e-03   5.34810699e+00   6.42300912e+00\n",
      "    6.78705439e-01  -7.50947263e+00  -5.14570223e+00   1.40971294e-01]\n",
      " [  0.00000000e+00   2.06956501e-03   9.26805454e+00   6.78705439e-01\n",
      "   -4.28204897e+00  -1.08172811e+01   7.09481246e+00   2.22528684e-01]\n",
      " [  0.00000000e+00  -2.60975662e-03   1.32268664e+01  -7.50947263e+00\n",
      "   -1.08172811e+01  -1.41639240e+01  -1.81431314e+00  -2.35847006e-02]\n",
      " [  0.00000000e+00   4.93603808e-03  -2.72736827e-01  -5.14570223e+00\n",
      "    7.09481246e+00  -1.81431314e+00   6.75569354e+00  -1.36767233e+00]\n",
      " [  0.00000000e+00  -1.05589980e-02   4.88924316e+00   1.40971294e-01\n",
      "    2.22528684e-01  -2.35847006e-02  -1.36767233e+00   3.01565341e+00]]\n",
      "('DOF:', array([  1.01325000e+05,   1.27300000e+03,   1.11465739e-02,\n",
      "         7.83269970e-01,   2.05583456e-01,   1.32133000e-01,\n",
      "         8.43916717e-01,   2.39502834e-02]))\n",
      "[['AL', 'CR', 'NI'], ['AL', 'CR', 'NI']]\n",
      "--\n",
      "--\n",
      "Hessian mismatch\n",
      "\n",
      "Not equal to tolerance rtol=1e-07, atol=0\n",
      "\n",
      "(mismatch 66.66666666666666%)\n",
      " x: array([[  0.000000e+00,   0.000000e+00,   0.000000e+00,   0.000000e+00,\n",
      "          0.000000e+00,   0.000000e+00],\n",
      "       [  0.000000e+00,  -2.727853e-02,  -6.636010e+01,  -6.979447e+01,...\n",
      " y: array([[  0.000000e+00,   0.000000e+00,   0.000000e+00,   0.000000e+00,\n",
      "          0.000000e+00,   0.000000e+00],\n",
      "       [  0.000000e+00,  -2.727853e-02,  -6.635584e+01,  -6.980498e+01,...\n",
      "[[  0.00000000e+00   0.00000000e+00   0.00000000e+00   0.00000000e+00\n",
      "    0.00000000e+00   0.00000000e+00]\n",
      " [  0.00000000e+00   1.94489164e-09   4.25781307e-03  -1.05138102e-02\n",
      "   -4.82423585e-03   1.32924264e-02]\n",
      " [  0.00000000e+00   4.25781307e-03   2.05516549e+01   1.13695831e+01\n",
      "    2.31127793e+00   8.03060290e+01]\n",
      " [  0.00000000e+00  -1.05138102e-02   1.13695831e+01   1.06777374e+01\n",
      "   -1.25934406e+01   1.16025629e+00]\n",
      " [  0.00000000e+00  -4.82423585e-03   2.31127793e+00  -1.25934406e+01\n",
      "   -7.33175218e+00   3.37388486e+01]\n",
      " [  0.00000000e+00   1.32924264e-02   8.03060290e+01   1.16025629e+00\n",
      "    3.37388486e+01   8.12738621e+04]]\n",
      "('DOF:', array([  1.01325000e+05,   1.27300000e+03,   1.91466366e-01,\n",
      "         4.29294845e-01,   3.79238789e-01,   1.00000000e+00]))\n",
      "[['AL', 'CR', 'NI'], ['VA']]\n",
      "--\n",
      "('Phases', array(['GAMMA_PRIME', 'GAMMA_PRIME', 'FCC_A1'], \n",
      "      dtype='<U11'))\n",
      "('step', array([ -6.35362345e-03,  -2.28338424e-02,   2.91874659e-02,\n",
      "         8.72845787e-03,   1.00673643e-01,  -1.09402101e-01,\n",
      "         7.71295626e-03,   9.91688011e-03,  -1.76298364e-02,\n",
      "         2.30523140e-02,   2.96952427e-02,  -5.27475567e-02,\n",
      "        -6.88123764e-03,  -1.05388710e-02,   1.74201086e-02,\n",
      "        -7.68499325e-17,  -1.75947215e-03,   1.48762137e-03,\n",
      "         2.71850788e-04,  -5.64134982e+02,  -3.50428493e+03,\n",
      "        -2.45180519e+03,  -1.26906091e+04,  -1.86207739e+03,\n",
      "        -3.29828405e+04,  -1.36171118e+05,  -4.73047058e+04,\n",
      "        -9.25028408e+04]))\n",
      "('Site fractions', array([  1.59544952e-02,   8.25764633e-01,   1.58280871e-01,\n",
      "         1.29843251e-01,   9.39597626e-01,   1.00000000e-12,\n",
      "         1.88595301e-02,   7.93186850e-01,   1.87953620e-01,\n",
      "         1.55185314e-01,   8.73611959e-01,   1.00000000e-12,\n",
      "         1.84585128e-01,   4.18755974e-01,   3.96658898e-01,\n",
      "         1.00000000e+00]))\n",
      "('Phase fractions', array([ 0.0994882 ,  0.34958761,  0.55092419]))\n",
      "('NEW_L_MULTIPLIERS', array([   -564.13498212,   -3504.28493008,   -2451.80519174,\n",
      "        -12690.60910393,   -1862.07738837,  -32982.84048581,\n",
      "       -136171.11781353,  -47304.70578955,  -92502.8407502 ]))\n",
      "('Chem pot progress', array([-2250.47172531,  -360.60194574,   959.38472849]))\n",
      "('Energy progress', -1.4551915228366852e-11)\n",
      "('Driving force', -625.76772229111521)\n",
      "('obj weight', 1.0)\n",
      "--\n",
      "Hessian mismatch\n",
      "\n",
      "Not equal to tolerance rtol=1e-07, atol=0\n",
      "\n",
      "(mismatch 76.5625%)\n",
      " x: array([[  0.000000e+00,   0.000000e+00,   0.000000e+00,   0.000000e+00,\n",
      "          0.000000e+00,   0.000000e+00,   0.000000e+00,   0.000000e+00],\n",
      "       [  0.000000e+00,  -2.837387e-02,  -8.174191e+01,  -5.943207e+01,...\n",
      " y: array([[  0.000000e+00,   0.000000e+00,   0.000000e+00,   0.000000e+00,\n",
      "          0.000000e+00,   0.000000e+00,   0.000000e+00,   0.000000e+00],\n",
      "       [  0.000000e+00,  -2.837385e-02,  -8.173577e+01,  -5.943305e+01,...\n",
      "[[  0.00000000e+00   0.00000000e+00   0.00000000e+00   0.00000000e+00\n",
      "    0.00000000e+00   0.00000000e+00   0.00000000e+00   0.00000000e+00]\n",
      " [  0.00000000e+00   2.52881617e-08   6.14408725e-03  -9.77260852e-04\n",
      "   -3.31275817e-03  -5.81599107e-03  -7.15302100e-03  -4.15556487e-01]\n",
      " [  0.00000000e+00   6.14408725e-03   1.03538571e+01  -8.46586543e+00\n",
      "   -6.25615364e+00  -3.55632670e-01  -5.66379549e+00   6.15536228e+00]\n",
      " [  0.00000000e+00  -9.77260852e-04  -8.46586543e+00   8.75775526e+00\n",
      "    1.12055797e+00   6.47443974e+00  -5.66353904e+00  -7.52491852e+00]\n",
      " [  0.00000000e+00  -3.31275817e-03  -6.25615364e+00   1.12055797e+00\n",
      "   -2.80052169e+00  -1.16605230e+01  -2.91709633e+00   3.56621137e+00]\n",
      " [  0.00000000e+00  -5.81599107e-03  -3.55632670e-01   6.47443974e+00\n",
      "   -1.16605230e+01  -4.39520378e+00   2.24534666e+00  -8.80860878e+00]\n",
      " [  0.00000000e+00  -7.15302100e-03  -5.66379549e+00  -5.66353904e+00\n",
      "   -2.91709633e+00   2.24534666e+00  -9.75064798e+00  -8.65016444e-01]\n",
      " [  0.00000000e+00  -4.15556487e-01   6.15536228e+00  -7.52491852e+00\n",
      "    3.56621137e+00  -8.80860878e+00  -8.65016444e-01   8.26881465e+14]]\n",
      "('DOF:', array([  1.01325000e+05,   1.27300000e+03,   1.59544952e-02,\n",
      "         8.25764633e-01,   1.58280871e-01,   1.21412276e-01,\n",
      "         8.85569139e-01,   9.93066987e-13]))\n",
      "[['AL', 'CR', 'NI'], ['AL', 'CR', 'NI']]\n",
      "--\n",
      "--\n",
      "Hessian mismatch\n",
      "\n",
      "Not equal to tolerance rtol=1e-07, atol=0\n",
      "\n",
      "(mismatch 76.5625%)\n",
      " x: array([[  0.000000e+00,   0.000000e+00,   0.000000e+00,   0.000000e+00,\n",
      "          0.000000e+00,   0.000000e+00,   0.000000e+00,   0.000000e+00],\n",
      "       [  0.000000e+00,  -2.821248e-02,  -8.006631e+01,  -5.944935e+01,...\n",
      " y: array([[  0.000000e+00,   0.000000e+00,   0.000000e+00,   0.000000e+00,\n",
      "          0.000000e+00,   0.000000e+00,   0.000000e+00,   0.000000e+00],\n",
      "       [  0.000000e+00,  -2.821246e-02,  -8.006855e+01,  -5.946048e+01,...\n",
      "[[  0.00000000e+00   0.00000000e+00   0.00000000e+00   0.00000000e+00\n",
      "    0.00000000e+00   0.00000000e+00   0.00000000e+00   0.00000000e+00]\n",
      " [  0.00000000e+00   1.63519485e-08  -2.24454869e-03  -1.11368552e-02\n",
      "    1.09288874e-03   4.93702299e-04   3.79573183e-04  -4.07606657e-01]\n",
      " [  0.00000000e+00  -2.24454869e-03   1.36428513e+01  -1.18512609e+00\n",
      "    5.54289077e-01  -1.16451285e+01  -6.87844458e+00  -1.28962417e+01]\n",
      " [  0.00000000e+00  -1.11368552e-02  -1.18512609e+00  -3.86996748e+00\n",
      "    2.55379864e+00   5.19584052e+00  -2.99634708e+00  -1.08358081e+01]\n",
      " [  0.00000000e+00   1.09288874e-03   5.54289077e-01   2.55379864e+00\n",
      "   -1.39454791e+01  -5.40052555e+00  -4.40704807e+00  -1.13307550e+01]\n",
      " [  0.00000000e+00   4.93702299e-04  -1.16451285e+01   5.19584052e+00\n",
      "   -5.40052555e+00  -4.79992556e-02   5.56645889e+00  -3.82954721e+00]\n",
      " [  0.00000000e+00   3.79573183e-04  -6.87844458e+00  -2.99634708e+00\n",
      "   -4.40704807e+00   5.56645889e+00  -1.12042369e+01  -3.12436781e+00]\n",
      " [  0.00000000e+00  -4.07606657e-01  -1.28962417e+01  -1.08358081e+01\n",
      "   -1.13307550e+01  -3.82954721e+00  -3.12436781e+00   8.19651529e+14]]\n",
      "('DOF:', array([  1.01325000e+05,   1.27300000e+03,   1.88595301e-02,\n",
      "         7.93186850e-01,   1.87953620e-01,   1.50841490e-01,\n",
      "         8.52759059e-01,   9.96412368e-13]))\n",
      "[['AL', 'CR', 'NI'], ['AL', 'CR', 'NI']]\n",
      "--\n",
      "--\n",
      "Hessian mismatch\n",
      "\n",
      "Not equal to tolerance rtol=1e-07, atol=0\n",
      "\n",
      "(mismatch 69.44444444444444%)\n",
      " x: array([[  0.000000e+00,   0.000000e+00,   0.000000e+00,   0.000000e+00,\n",
      "          0.000000e+00,   0.000000e+00],\n",
      "       [  0.000000e+00,  -2.727701e-02,  -6.640490e+01,  -7.016505e+01,...\n",
      " y: array([[  0.000000e+00,   0.000000e+00,   0.000000e+00,   0.000000e+00,\n",
      "          0.000000e+00,   0.000000e+00],\n",
      "       [  0.000000e+00,  -2.727700e-02,  -6.640281e+01,  -7.016954e+01,...\n",
      "[[  0.00000000e+00   0.00000000e+00   0.00000000e+00   0.00000000e+00\n",
      "    0.00000000e+00   0.00000000e+00]\n",
      " [  0.00000000e+00   1.52880641e-08   2.09415850e-03  -4.49746256e-03\n",
      "   -1.05101901e-02  -4.56086673e-03]\n",
      " [  0.00000000e+00   2.09415850e-03   5.64155639e+00   9.79508538e+00\n",
      "   -1.12348601e+01  -1.49178637e+01]\n",
      " [  0.00000000e+00  -4.49746256e-03   9.79508538e+00  -1.51365775e+01\n",
      "   -5.09654784e-01  -1.50427789e+00]\n",
      " [  0.00000000e+00  -1.05101901e-02  -1.12348601e+01  -5.09654784e-01\n",
      "   -1.08291364e+01   1.99670276e+00]\n",
      " [  0.00000000e+00  -4.56086673e-03  -1.49178637e+01  -1.50427789e+00\n",
      "    1.99670276e+00   8.14705479e+04]]\n",
      "('DOF:', array([  1.01325000e+05,   1.27300000e+03,   1.84585128e-01,\n",
      "         4.18755974e-01,   3.96658898e-01,   1.00000000e+00]))\n",
      "[['AL', 'CR', 'NI'], ['VA']]\n",
      "--\n",
      "('Phases', array(['GAMMA_PRIME', 'GAMMA_PRIME', 'FCC_A1'], \n",
      "      dtype='<U11'))\n",
      "('step', array([  6.37022910e-03,  -2.35596987e-02,   1.71894696e-02,\n",
      "         9.58356058e-03,  -1.65649762e-02,   2.77436830e-11,\n",
      "         6.23203127e-03,   6.80763442e-03,  -1.30396657e-02,\n",
      "        -2.53658160e-02,   2.17652670e-02,   3.77575175e-11,\n",
      "         1.42634105e-02,  -3.63453859e-02,   2.20819754e-02,\n",
      "         2.93397286e-16,  -1.19053189e-02,   6.86017049e-02,\n",
      "        -5.67373580e-02,  -5.65056434e+02,  -3.16290410e+03,\n",
      "        -2.72101825e+03,  -1.51022055e+04,  -2.65412079e+03,\n",
      "        -3.07415313e+04,  -1.35630187e+05,  -4.72788747e+04,\n",
      "        -9.22758230e+04]))\n",
      "('Site fractions', array([  2.23247243e-02,   8.02204935e-01,   1.75470341e-01,\n",
      "         1.30995837e-01,   8.69004163e-01,   2.87367500e-11,\n",
      "         2.50915614e-02,   7.99994484e-01,   1.74913954e-01,\n",
      "         1.25475674e-01,   8.74524326e-01,   3.87539299e-11,\n",
      "         1.98848539e-01,   3.82410588e-01,   4.18740873e-01,\n",
      "         1.00000000e+00]))\n",
      "('Phase fractions', array([ 0.08758288,  0.41818931,  0.49418684]))\n",
      "('NEW_L_MULTIPLIERS', array([   -565.05643425,   -3162.90410006,   -2721.01824718,\n",
      "        -15102.20545332,   -2654.12079249,  -30741.53132553,\n",
      "       -135630.18688   ,  -47278.87472028,  -92275.82301462]))\n",
      "('Chem pot progress', array([ 540.93093353,   25.83106928,  227.01773558]))\n",
      "('Energy progress', -309.6095222215954)\n",
      "('Driving force', 407.03295198945852)\n",
      "('obj weight', 1.0)\n",
      "--\n",
      "Hessian mismatch\n",
      "\n",
      "Not equal to tolerance rtol=1e-07, atol=0\n",
      "\n",
      "(mismatch 76.5625%)\n",
      " x: array([[  0.000000e+00,   0.000000e+00,   0.000000e+00,   0.000000e+00,\n",
      "          0.000000e+00,   0.000000e+00,   0.000000e+00,   0.000000e+00],\n",
      "       [  0.000000e+00,  -2.813266e-02,  -7.896996e+01,  -5.914297e+01,...\n",
      " y: array([[  0.000000e+00,   0.000000e+00,   0.000000e+00,   0.000000e+00,\n",
      "          0.000000e+00,   0.000000e+00,   0.000000e+00,   0.000000e+00],\n",
      "       [  0.000000e+00,  -2.813265e-02,  -7.897010e+01,  -5.914617e+01,...\n",
      "[[  0.00000000e+00   0.00000000e+00   0.00000000e+00   0.00000000e+00\n",
      "    0.00000000e+00   0.00000000e+00   0.00000000e+00   0.00000000e+00]\n",
      " [  0.00000000e+00   1.17342899e-08  -1.34745832e-04  -3.19680436e-03\n",
      "   -6.66636182e-03   3.36056211e-03   4.64866089e-03  -7.19411835e-04]\n",
      " [  0.00000000e+00  -1.34745832e-04  -1.25206752e+00   3.54778599e+00\n",
      "   -2.51807107e+00  -1.08039422e+01   2.99387852e+00   9.56866481e-01]\n",
      " [  0.00000000e+00  -3.19680436e-03   3.54778599e+00   4.09981662e-02\n",
      "   -1.14037469e+00   1.05337531e+01  -5.93105500e+00   8.65471208e+00]\n",
      " [  0.00000000e+00  -6.66636182e-03  -2.51807107e+00  -1.14037469e+00\n",
      "    6.39907597e+00  -2.49741819e+00  -9.74619778e+00  -6.90943758e+00]\n",
      " [  0.00000000e+00   3.36056211e-03  -1.08039422e+01   1.05337531e+01\n",
      "   -2.49741819e+00   1.85482998e+00   3.27930730e+00   1.38554655e-01]\n",
      " [  0.00000000e+00   4.64866089e-03   2.99387852e+00  -5.93105500e+00\n",
      "   -9.74619778e+00   3.27930730e+00   3.55015589e+00   4.53315740e-01]\n",
      " [  0.00000000e+00  -7.19411835e-04   9.56866481e-01   8.65471208e+00\n",
      "   -6.90943758e+00   1.38554655e-01   4.53315740e-01  -3.71951271e+10]]\n",
      "('DOF:', array([  1.01325000e+05,   1.27300000e+03,   2.23247243e-02,\n",
      "         8.02204935e-01,   1.75470341e-01,   1.30995837e-01,\n",
      "         8.69004163e-01,   2.87367500e-11]))\n",
      "[['AL', 'CR', 'NI'], ['AL', 'CR', 'NI']]\n",
      "--\n",
      "--\n",
      "Hessian mismatch\n",
      "\n",
      "Not equal to tolerance rtol=1e-07, atol=0\n",
      "\n",
      "(mismatch 76.5625%)\n",
      " x: array([[  0.000000e+00,   0.000000e+00,   0.000000e+00,   0.000000e+00,\n",
      "          0.000000e+00,   0.000000e+00,   0.000000e+00,   0.000000e+00],\n",
      "       [  0.000000e+00,  -2.813087e-02,  -7.824615e+01,  -5.915379e+01,...\n",
      " y: array([[  0.000000e+00,   0.000000e+00,   0.000000e+00,   0.000000e+00,\n",
      "          0.000000e+00,   0.000000e+00,   0.000000e+00,   0.000000e+00],\n",
      "       [  0.000000e+00,  -2.813084e-02,  -7.824722e+01,  -5.915358e+01,...\n",
      "[[  0.00000000e+00   0.00000000e+00   0.00000000e+00   0.00000000e+00\n",
      "    0.00000000e+00   0.00000000e+00   0.00000000e+00   0.00000000e+00]\n",
      " [  0.00000000e+00   3.11302930e-08  -1.07782892e-03   2.17265345e-04\n",
      "   -5.23827650e-03  -2.41522366e-03   1.84421055e-03  -5.05256378e-03]\n",
      " [  0.00000000e+00  -1.07782892e-03  -2.61443846e+00  -3.72833259e+00\n",
      "    2.08799525e+00   8.63431377e+00  -4.32426065e+00  -2.30803241e+00]\n",
      " [  0.00000000e+00   2.17265345e-04  -3.72833259e+00  -1.72122720e+00\n",
      "    6.78604463e-01  -8.63242066e+00   4.94600714e+00  -1.38914697e+00]\n",
      " [  0.00000000e+00  -5.23827650e-03   2.08799525e+00   6.78604463e-01\n",
      "    2.71918349e+00   3.19348828e+00   5.61330848e-02   6.28586712e+00]\n",
      " [  0.00000000e+00  -2.41522366e-03   8.63431377e+00  -8.63242066e+00\n",
      "    3.19348828e+00   2.86070967e+00   2.89879659e+00   5.64089439e+00]\n",
      " [  0.00000000e+00   1.84421055e-03  -4.32426065e+00   4.94600714e+00\n",
      "    5.61330848e-02   2.89879659e+00  -1.11801834e+00   5.91036443e+00]\n",
      " [  0.00000000e+00  -5.05256378e-03  -2.30803241e+00  -1.38914697e+00\n",
      "    6.28586712e+00   5.64089439e+00   5.91036443e+00  -1.51603629e+10]]\n",
      "('DOF:', array([  1.01325000e+05,   1.27300000e+03,   2.50915614e-02,\n",
      "         7.99994484e-01,   1.74913954e-01,   1.25475674e-01,\n",
      "         8.74524326e-01,   3.87539299e-11]))\n",
      "[['AL', 'CR', 'NI'], ['AL', 'CR', 'NI']]\n",
      "--\n",
      "--\n",
      "Hessian mismatch\n",
      "\n",
      "Not equal to tolerance rtol=1e-07, atol=0\n",
      "\n",
      "(mismatch 69.44444444444444%)\n",
      " x: array([[  0.000000e+00,   0.000000e+00,   0.000000e+00,   0.000000e+00,\n",
      "          0.000000e+00,   0.000000e+00],\n",
      "       [  0.000000e+00,  -2.719486e-02,  -6.555313e+01,  -7.069755e+01,...\n",
      " y: array([[  0.000000e+00,   0.000000e+00,   0.000000e+00,   0.000000e+00,\n",
      "          0.000000e+00,   0.000000e+00],\n",
      "       [  0.000000e+00,  -2.719484e-02,  -6.554486e+01,  -7.069454e+01,...\n",
      "[[  0.00000000e+00   0.00000000e+00   0.00000000e+00   0.00000000e+00\n",
      "    0.00000000e+00   0.00000000e+00]\n",
      " [  0.00000000e+00   2.34895971e-08   8.27193164e-03   3.01553244e-03\n",
      "   -9.79879911e-04   4.82028634e-03]\n",
      " [  0.00000000e+00   8.27193164e-03   1.95664082e+01  -1.20531584e+01\n",
      "    5.63297590e+00   8.27152727e+00]\n",
      " [  0.00000000e+00   3.01553244e-03  -1.20531584e+01   4.36121897e+00\n",
      "   -1.85588811e+01  -2.13970216e+00]\n",
      " [  0.00000000e+00  -9.79879911e-04   5.63297590e+00  -1.85588811e+01\n",
      "   -5.98014457e+00  -3.24025417e+01]\n",
      " [  0.00000000e+00   4.82028634e-03   8.27152727e+00  -2.13970216e+00\n",
      "   -3.24025417e+01   8.37416418e+04]]\n",
      "('DOF:', array([  1.01325000e+05,   1.27300000e+03,   1.98848539e-01,\n",
      "         3.82410588e-01,   4.18740873e-01,   1.00000000e+00]))\n",
      "[['AL', 'CR', 'NI'], ['VA']]\n",
      "--\n",
      "('Phases', array(['GAMMA_PRIME', 'GAMMA_PRIME', 'FCC_A1'], \n",
      "      dtype='<U11'))\n",
      "('step', array([  1.50829330e-03,  -2.43118845e-03,   9.22895157e-04,\n",
      "        -6.29490926e-04,   6.29490573e-04,   3.52816383e-10,\n",
      "        -3.68571400e-04,  -2.32745785e-03,   2.69602925e-03,\n",
      "         5.49280992e-03,  -5.49281065e-03,   7.32204937e-10,\n",
      "        -3.47017343e-03,   9.53085058e-03,  -6.06067715e-03,\n",
      "         8.42304874e-17,  -2.95582005e-02,   1.50657505e-02,\n",
      "         1.44924500e-02,  -3.78617774e+02,  -2.09741379e+03,\n",
      "        -2.83235414e+03,  -1.56686533e+04,  -2.42658594e+03,\n",
      "        -3.12436451e+04,  -1.35659315e+05,  -4.72579770e+04,\n",
      "        -9.22968762e+04]))\n",
      "('Site fractions', array([  2.38330176e-02,   7.99773746e-01,   1.76393236e-01,\n",
      "         1.30366346e-01,   8.69633654e-01,   3.81553133e-10,\n",
      "         2.47229900e-02,   7.97667026e-01,   1.77609984e-01,\n",
      "         1.30968484e-01,   8.69031515e-01,   7.70958867e-10,\n",
      "         1.95378365e-01,   3.91941439e-01,   4.12680196e-01,\n",
      "         1.00000000e+00]))\n",
      "('Phase fractions', array([ 0.05802827,  0.4332722 ,  0.50869953]))\n",
      "('NEW_L_MULTIPLIERS', array([   -378.61777443,   -2097.41378539,   -2832.35414036,\n",
      "        -15668.65327217,   -2426.58594308,  -31243.6451173 ,\n",
      "       -135659.31469079,  -47257.97699181,  -92296.87615684]))\n",
      "('Chem pot progress', array([-29.12781079,  20.89772847, -21.05314222]))\n",
      "('Energy progress', 408.04283783989376)\n",
      "('Driving force', -173.42297796493222)\n",
      "('obj weight', 1.0)\n",
      "--\n",
      "Hessian mismatch\n",
      "\n",
      "Not equal to tolerance rtol=1e-07, atol=0\n",
      "\n",
      "(mismatch 76.5625%)\n",
      " x: array([[  0.000000e+00,   0.000000e+00,   0.000000e+00,   0.000000e+00,\n",
      "          0.000000e+00,   0.000000e+00,   0.000000e+00,   0.000000e+00],\n",
      "       [  0.000000e+00,  -2.812827e-02,  -7.854709e+01,  -5.916763e+01,...\n",
      " y: array([[  0.000000e+00,   0.000000e+00,   0.000000e+00,   0.000000e+00,\n",
      "          0.000000e+00,   0.000000e+00,   0.000000e+00,   0.000000e+00],\n",
      "       [  0.000000e+00,  -2.812825e-02,  -7.855069e+01,  -5.915995e+01,...\n",
      "[[  0.00000000e+00   0.00000000e+00   0.00000000e+00   0.00000000e+00\n",
      "    0.00000000e+00   0.00000000e+00   0.00000000e+00   0.00000000e+00]\n",
      " [  0.00000000e+00   1.78521681e-08  -3.60298536e-03   7.68321046e-03\n",
      "    2.40684337e-03   3.78311147e-03   3.53565490e-03   4.66195023e-03]\n",
      " [  0.00000000e+00  -3.60298536e-03  -6.22324083e+00  -9.02733018e-02\n",
      "    4.68250105e+00  -7.24131347e+00  -1.87081883e+01  -1.18207010e+01]\n",
      " [  0.00000000e+00   7.68321046e-03  -9.02733018e-02   1.01750219e+00\n",
      "    6.78604463e-01  -1.17169254e+00   7.20341962e+00  -4.94427336e-01]\n",
      " [  0.00000000e+00   2.40684337e-03   4.68250105e+00   6.78604463e-01\n",
      "    4.87826671e+00  -3.80079924e+00   1.32637441e+00  -3.91437603e-01]\n",
      " [  0.00000000e+00   3.78311147e-03  -7.24131347e+00  -1.17169254e+00\n",
      "   -3.80079924e+00  -2.47063424e+00  -4.56376121e+00   1.07721988e+00]\n",
      " [  0.00000000e+00   3.53565490e-03  -1.87081883e+01   7.20341962e+00\n",
      "    1.32637441e+00  -4.56376121e+00   1.34603411e+00   2.27230514e+00]\n",
      " [  0.00000000e+00   4.66195023e-03  -1.18207010e+01  -4.94427336e-01\n",
      "   -3.91437603e-01   1.07721988e+00   2.27230514e+00  -1.58788844e+07]]\n",
      "('DOF:', array([  1.01325000e+05,   1.27300000e+03,   2.38330176e-02,\n",
      "         7.99773746e-01,   1.76393236e-01,   1.30366346e-01,\n",
      "         8.69633654e-01,   3.81553133e-10]))\n",
      "[['AL', 'CR', 'NI'], ['AL', 'CR', 'NI']]\n",
      "--\n",
      "--\n",
      "Hessian mismatch\n",
      "\n",
      "Not equal to tolerance rtol=1e-07, atol=0\n",
      "\n",
      "(mismatch 76.5625%)\n",
      " x: array([[  0.000000e+00,   0.000000e+00,   0.000000e+00,   0.000000e+00,\n",
      "          0.000000e+00,   0.000000e+00,   0.000000e+00,   0.000000e+00],\n",
      "       [  0.000000e+00,  -2.812410e-02,  -7.830409e+01,  -5.916727e+01,...\n",
      " y: array([[  0.000000e+00,   0.000000e+00,   0.000000e+00,   0.000000e+00,\n",
      "          0.000000e+00,   0.000000e+00,   0.000000e+00,   0.000000e+00],\n",
      "       [  0.000000e+00,  -2.812407e-02,  -7.830625e+01,  -5.917345e+01,...\n",
      "[[  0.00000000e+00   0.00000000e+00   0.00000000e+00   0.00000000e+00\n",
      "    0.00000000e+00   0.00000000e+00   0.00000000e+00   0.00000000e+00]\n",
      " [  0.00000000e+00   3.04737847e-08  -2.16601717e-03  -6.17838531e-03\n",
      "    5.31964136e-03  -1.36780851e-03   2.73851269e-03  -2.75402003e-03]\n",
      " [  0.00000000e+00  -2.16601717e-03   8.26899282e+00  -9.01975694e-02\n",
      "    1.52929088e+00  -4.89674340e+00   3.17662177e+00   2.36491134e+00]\n",
      " [  0.00000000e+00  -6.17838531e-03  -9.01975694e-02  -1.87233971e+00\n",
      "   -1.14037469e+00  -7.97810428e+00  -7.94021132e+00  -8.87977811e-01]\n",
      " [  0.00000000e+00   5.31964136e-03   1.52929088e+00  -1.14037469e+00\n",
      "   -1.18036335e+01   5.33830322e+00  -1.45859867e-01   7.23716339e+00]\n",
      " [  0.00000000e+00  -1.36780851e-03  -4.89674340e+00  -7.97810428e+00\n",
      "    5.33830322e+00  -1.20235219e+00  -4.07165198e+00  -5.20939280e+00]\n",
      " [  0.00000000e+00   2.73851269e-03   3.17662177e+00  -7.94021132e+00\n",
      "   -1.45859867e-01  -4.07165198e+00   3.45431795e+00   4.53315740e-01]\n",
      " [  0.00000000e+00  -2.75402003e-03   2.36491134e+00  -8.87977811e-01\n",
      "    7.23716339e+00  -5.20939280e+00   4.53315740e-01  -1.92481921e+06]]\n",
      "('DOF:', array([  1.01325000e+05,   1.27300000e+03,   2.47229900e-02,\n",
      "         7.97667026e-01,   1.77609984e-01,   1.30968484e-01,\n",
      "         8.69031515e-01,   7.70958867e-10]))\n",
      "[['AL', 'CR', 'NI'], ['AL', 'CR', 'NI']]\n",
      "--\n",
      "--\n",
      "Hessian mismatch\n",
      "\n",
      "Not equal to tolerance rtol=1e-07, atol=0\n",
      "\n",
      "(mismatch 69.44444444444444%)\n",
      " x: array([[  0.000000e+00,   0.000000e+00,   0.000000e+00,   0.000000e+00,\n",
      "          0.000000e+00,   0.000000e+00],\n",
      "       [  0.000000e+00,  -2.721585e-02,  -6.577410e+01,  -7.057642e+01,...\n",
      " y: array([[  0.000000e+00,   0.000000e+00,   0.000000e+00,   0.000000e+00,\n",
      "          0.000000e+00,   0.000000e+00],\n",
      "       [  0.000000e+00,  -2.721582e-02,  -6.575941e+01,  -7.055174e+01,...\n",
      "[[  0.00000000e+00   0.00000000e+00   0.00000000e+00   0.00000000e+00\n",
      "    0.00000000e+00   0.00000000e+00]\n",
      " [  0.00000000e+00   2.78505204e-08   1.46880279e-02   2.46751481e-02\n",
      "   -6.33058261e-03   4.67637667e-02]\n",
      " [  0.00000000e+00   1.46880279e-02  -6.31520917e+00  -7.39914798e-02\n",
      "   -1.41257013e+00  -1.11338531e+01]\n",
      " [  0.00000000e+00   2.46751481e-02  -7.39914798e-02  -4.80066486e+00\n",
      "   -2.65138137e+00  -1.70527491e+01]\n",
      " [  0.00000000e+00  -6.33058261e-03  -1.41257013e+00  -2.65138137e+00\n",
      "   -1.22813408e+01   2.94773691e-02]\n",
      " [  0.00000000e+00   4.67637667e-02  -1.11338531e+01  -1.70527491e+01\n",
      "    2.94773691e-02   8.31366462e+04]]\n",
      "('DOF:', array([  1.01325000e+05,   1.27300000e+03,   1.95378365e-01,\n",
      "         3.91941439e-01,   4.12680196e-01,   1.00000000e+00]))\n",
      "[['AL', 'CR', 'NI'], ['VA']]\n",
      "--\n",
      "('Phases', array(['GAMMA_PRIME', 'GAMMA_PRIME', 'FCC_A1'], \n",
      "      dtype='<U11'))\n",
      "('step', array([  4.47787252e-04,  -1.00730927e-03,   5.59522015e-04,\n",
      "         2.32292455e-04,  -2.32295535e-04,   3.07934797e-09,\n",
      "         9.64303119e-06,   7.54104341e-05,  -8.50534653e-05,\n",
      "        -1.25711174e-04,   1.25698654e-04,   1.25197702e-08,\n",
      "        -1.05891793e-04,   3.05137699e-04,  -1.99245906e-04,\n",
      "         5.27766617e-17,  -2.86718601e-02,   2.81125653e-02,\n",
      "         5.59294751e-04,  -1.91941806e+02,  -1.06162336e+03,\n",
      "        -3.01701180e+03,  -1.66857151e+04,  -2.41724343e+03,\n",
      "        -3.12615162e+04,  -1.35658958e+05,  -4.72574324e+04,\n",
      "        -9.22974749e+04]))\n",
      "('Site fractions', array([  2.42808049e-02,   7.98766437e-01,   1.76952758e-01,\n",
      "         1.30598638e-01,   8.69401358e-01,   3.46090110e-09,\n",
      "         2.47326330e-02,   7.97742437e-01,   1.77524930e-01,\n",
      "         1.30842773e-01,   8.69157214e-01,   1.32907290e-08,\n",
      "         1.95272474e-01,   3.92246576e-01,   4.12480950e-01,\n",
      "         1.00000000e+00]))\n",
      "('Phase fractions', array([ 0.02935641,  0.46138477,  0.50925883]))\n",
      "('NEW_L_MULTIPLIERS', array([   -191.94180562,   -1061.62335964,   -3017.01179902,\n",
      "        -16685.71514752,   -2417.2434272 ,  -31261.51617246,\n",
      "       -135658.95753579,  -47257.4324256 ,  -92297.47489138]))\n",
      "('Chem pot progress', array([ 0.357155  ,  0.5445662 , -0.59873454]))\n",
      "('Energy progress', -173.20535092818318)\n",
      "('Driving force', -7.3549107139551779)\n",
      "('obj weight', 1.0)\n",
      "--\n",
      "Hessian mismatch\n",
      "\n",
      "Not equal to tolerance rtol=1e-07, atol=0\n",
      "\n",
      "(mismatch 75.0%)\n",
      " x: array([[  0.000000e+00,   0.000000e+00,   0.000000e+00,   0.000000e+00,\n",
      "          0.000000e+00,   0.000000e+00,   0.000000e+00,   0.000000e+00],\n",
      "       [  0.000000e+00,  -2.812626e-02,  -7.842503e+01,  -5.916726e+01,...\n",
      " y: array([[  0.000000e+00,   0.000000e+00,   0.000000e+00,   0.000000e+00,\n",
      "          0.000000e+00,   0.000000e+00,   0.000000e+00,   0.000000e+00],\n",
      "       [  0.000000e+00,  -2.812627e-02,  -7.842737e+01,  -5.916632e+01,...\n",
      "[[  0.00000000e+00   0.00000000e+00   0.00000000e+00   0.00000000e+00\n",
      "    0.00000000e+00   0.00000000e+00   0.00000000e+00   0.00000000e+00]\n",
      " [  0.00000000e+00  -3.60315823e-09  -2.33141884e-03   9.42582233e-04\n",
      "   -6.17811917e-04  -2.75487338e-03  -1.91693458e-03   5.25739068e-03]\n",
      " [  0.00000000e+00  -2.33141884e-03   4.21689294e+00  -1.90926508e+00\n",
      "   -4.17764063e+00   9.82985847e+00   6.73750976e+00   1.69908887e+00]\n",
      " [  0.00000000e+00   9.42582233e-04  -1.90926508e+00  -1.01769375e+00\n",
      "    2.49768459e+00  -3.81692047e+00  -7.46702699e+00  -9.34514903e+00]\n",
      " [  0.00000000e+00  -6.17811917e-04  -4.17764063e+00   2.49768459e+00\n",
      "    8.54232777e+00   7.63721377e+00  -1.05228763e+00  -6.07189448e+00]\n",
      " [  0.00000000e+00  -2.75487338e-03   9.82985847e+00  -3.81692047e+00\n",
      "    7.63721377e+00   5.08250630e+00  -2.37237712e+00  -1.72650674e+00]\n",
      " [  0.00000000e+00  -1.91693458e-03   6.73750976e+00  -7.46702699e+00\n",
      "   -1.05228763e+00  -2.37237712e+00   2.15903077e+00  -1.36575414e+00]\n",
      " [  0.00000000e+00   5.25739068e-03   1.69908887e+00  -9.34514903e+00\n",
      "   -6.07189448e+00  -1.72650674e+00  -1.36575414e+00  -2.12652340e+04]]\n",
      "('DOF:', array([  1.01325000e+05,   1.27300000e+03,   2.42808049e-02,\n",
      "         7.98766437e-01,   1.76952758e-01,   1.30598638e-01,\n",
      "         8.69401358e-01,   3.46090110e-09]))\n",
      "[['AL', 'CR', 'NI'], ['AL', 'CR', 'NI']]\n",
      "--\n",
      "--\n",
      "Hessian mismatch\n",
      "\n",
      "Not equal to tolerance rtol=1e-07, atol=0\n",
      "\n",
      "(mismatch 75.0%)\n",
      " x: array([[  0.000000e+00,   0.000000e+00,   0.000000e+00,   0.000000e+00,\n",
      "          0.000000e+00,   0.000000e+00,   0.000000e+00,   0.000000e+00],\n",
      "       [  0.000000e+00,  -2.812427e-02,  -7.830701e+01,  -5.917763e+01,...\n",
      " y: array([[  0.000000e+00,   0.000000e+00,   0.000000e+00,   0.000000e+00,\n",
      "          0.000000e+00,   0.000000e+00,   0.000000e+00,   0.000000e+00],\n",
      "       [  0.000000e+00,  -2.812425e-02,  -7.830497e+01,  -5.917281e+01,...\n",
      "[[  0.00000000e+00   0.00000000e+00   0.00000000e+00   0.00000000e+00\n",
      "    0.00000000e+00   0.00000000e+00   0.00000000e+00   0.00000000e+00]\n",
      " [  0.00000000e+00   1.67250329e-08   2.03607993e-03   4.81252658e-03\n",
      "   -6.94396365e-03  -2.12921077e-03   1.03385372e-02   4.27674514e-03]\n",
      " [  0.00000000e+00   2.03607993e-03  -4.07484489e+00   1.72879421e+00\n",
      "    4.83902401e+00   4.92064135e+00  -1.52171072e+01  -6.79940756e+00]\n",
      " [  0.00000000e+00   4.81252658e-03   1.72879421e+00  -2.81308685e+00\n",
      "    2.49768459e+00  -8.35846530e+00   1.04708135e+01  -1.84795672e+00]\n",
      " [  0.00000000e+00  -6.94396365e-03   4.83902401e+00   2.49768459e+00\n",
      "    2.53111258e+00   4.33856041e+00   9.12865301e+00   2.65479189e+00]\n",
      " [  0.00000000e+00  -2.12921077e-03   4.92064135e+00  -8.35846530e+00\n",
      "    4.33856041e+00  -3.61850114e+00  -2.13596617e-01  -9.71146414e-01]\n",
      " [  0.00000000e+00   1.03385372e-02  -1.52171072e+01   1.04708135e+01\n",
      "    9.12865301e+00  -2.13596617e-01  -1.15382726e+01  -3.18474355e+00]\n",
      " [  0.00000000e+00   4.27674514e-03  -6.79940756e+00  -1.84795672e+00\n",
      "    2.65479189e+00  -9.71146414e-01  -3.18474355e+00  -3.71244751e+02]]\n",
      "('DOF:', array([  1.01325000e+05,   1.27300000e+03,   2.47326330e-02,\n",
      "         7.97742437e-01,   1.77524930e-01,   1.30842773e-01,\n",
      "         8.69157214e-01,   1.32907290e-08]))\n",
      "[['AL', 'CR', 'NI'], ['AL', 'CR', 'NI']]\n",
      "--\n",
      "--\n",
      "Hessian mismatch\n",
      "\n",
      "Not equal to tolerance rtol=1e-07, atol=0\n",
      "\n",
      "(mismatch 69.44444444444444%)\n",
      " x: array([[  0.000000e+00,   0.000000e+00,   0.000000e+00,   0.000000e+00,\n",
      "          0.000000e+00,   0.000000e+00],\n",
      "       [  0.000000e+00,  -2.721649e-02,  -6.576326e+01,  -7.055279e+01,...\n",
      " y: array([[  0.000000e+00,   0.000000e+00,   0.000000e+00,   0.000000e+00,\n",
      "          0.000000e+00,   0.000000e+00],\n",
      "       [  0.000000e+00,  -2.721649e-02,  -6.576618e+01,  -7.054709e+01,...\n",
      "[[  0.00000000e+00   0.00000000e+00   0.00000000e+00   0.00000000e+00\n",
      "    0.00000000e+00   0.00000000e+00]\n",
      " [  0.00000000e+00   5.88349511e-09  -2.92495567e-03   5.69876105e-03\n",
      "    1.58902188e-02  -1.04755253e-02]\n",
      " [  0.00000000e+00  -2.92495567e-03   4.76706003e+00   1.14884249e+01\n",
      "   -1.21473996e+01   9.31891983e+00]\n",
      " [  0.00000000e+00   5.69876105e-03   1.14884249e+01   1.27639917e+01\n",
      "    1.66443734e+01  -5.71684454e+00]\n",
      " [  0.00000000e+00   1.58902188e-02  -1.21473996e+01   1.66443734e+01\n",
      "   -2.55810239e+00  -3.12118253e+01]\n",
      " [  0.00000000e+00  -1.04755253e-02   9.31891983e+00  -5.71684454e+00\n",
      "   -3.12118253e+01   8.31213160e+04]]\n",
      "('DOF:', array([  1.01325000e+05,   1.27300000e+03,   1.95272474e-01,\n",
      "         3.92246576e-01,   4.12480950e-01,   1.00000000e+00]))\n",
      "[['AL', 'CR', 'NI'], ['VA']]\n",
      "--\n",
      "('Phases', array(['GAMMA_PRIME', 'GAMMA_PRIME', 'FCC_A1'], \n",
      "      dtype='<U11'))\n",
      "('step', array([  2.49210419e-04,  -5.70261388e-04,   3.21050969e-04,\n",
      "         1.40410423e-04,  -1.40436917e-04,   2.64937146e-08,\n",
      "        -6.40031149e-07,  -3.55045158e-06,   4.19048273e-06,\n",
      "         6.43468365e-06,  -6.60417171e-06,   1.69488057e-07,\n",
      "         8.53805625e-08,  -6.77540686e-07,   5.92160124e-07,\n",
      "        -2.16391360e-16,  -1.30102732e-02,   1.30120151e-02,\n",
      "        -1.74194946e-06,  -1.06886150e+02,  -5.91146122e+02,\n",
      "        -3.10209138e+03,  -1.71562757e+04,  -2.41724079e+03,\n",
      "        -3.12614195e+04,  -1.35658999e+05,  -4.72574411e+04,\n",
      "        -9.22974464e+04]))\n",
      "('Site fractions', array([  2.45300153e-02,   7.98196175e-01,   1.77273809e-01,\n",
      "         1.30739049e-01,   8.69260921e-01,   2.99546157e-08,\n",
      "         2.47319930e-02,   7.97738886e-01,   1.77529121e-01,\n",
      "         1.30849208e-01,   8.69150610e-01,   1.82778786e-07,\n",
      "         1.95272559e-01,   3.92245899e-01,   4.12481542e-01,\n",
      "         1.00000000e+00]))\n",
      "('Phase fractions', array([ 0.01634613,  0.47439678,  0.50925709]))\n",
      "('NEW_L_MULTIPLIERS', array([ -1.06886150e+02,  -5.91146122e+02,  -3.10209138e+03,\n",
      "        -1.71562757e+04,  -2.41724079e+03,  -3.12614195e+04,\n",
      "        -1.35658999e+05,  -4.72574411e+04,  -9.22974464e+04]))\n",
      "('Chem pot progress', array([-0.04153916, -0.00869378,  0.02845524]))\n",
      "('Energy progress', -7.3533915225270903)\n",
